0,1,-0,0,0,1,0,0,0,1,0,0,0
0.141,1,-0,0,0,1,0,0,0,1,0,0.0018388,0
0.029,1,-0,0,0,1,0,0,0,1,2.5617e-05,0.0036692,0
0.032,0.99998,0.0069813,0,-0.0069813,0.99998,0,0,0,1,3.1021e-05,0.0044434,0
0.011,0.99998,0.0069813,0,-0.0069813,0.99998,0,0,0,1,5.0409e-05,0.0048135,0
0.029,0.99995,0.010472,0,-0.010472,0.99995,0,0,0,1,6.1567e-05,0.0050391,0
0.032,0.99993,0.012217,0,-0.012217,0.99993,0,0,0,1,6.3361e-05,0.0051859,0
0.035,0.99993,0.012217,0,-0.012217,0.99993,0,0,0,1,6.4515e-05,0.0052804,0
0.031,0.99993,0.012217,0,-0.012217,0.99993,0,0,0,1,7.4603e-05,0.0053427,0
0.032,0.9999,0.013962,0,-0.013962,0.9999,0,0,0,1,7.5264e-05,0.00539,0
0.031,0.9999,0.013962,0,-0.013962,0.9999,0,0,0,1,7.5778e-05,0.0054268,0
0.901,0.9999,0.013962,0,-0.013962,0.9999,0,0,0,1,1.0664e-05,0.00076372,0
0.911,0.9999,0.013962,0,-0.013962,0.9999,0,0,0,1,8.8982e-06,0.00063725,0
0.079,0.9999,0.013962,0,-0.013962,0.9999,0,0,0,1,7.4907e-05,0.0053645,0
0.031,0.9999,0.013962,0,-0.013962,0.9999,0,0,0,1,7.538e-05,0.0053983,0
0.035,0.9999,0.013962,0,-0.013962,0.9999,0,0,0,1,7.5802e-05,0.0054285,0
0.032,0.9999,0.013962,0,-0.013962,0.9999,0,0,0,1,8.5583e-05,0.005448,0
0.032,0.99988,0.015707,0,-0.015707,0.99988,0,0,0,1,8.5824e-05,0.0054633,0
0.032,0.99988,0.015707,0,-0.015707,0.99988,0,0,0,1,8.6044e-05,0.0054773,0
0.035,0.99988,0.015707,0,-0.015707,0.99988,0,0,0,1,7.6695e-05,0.0054925,0
0.031,0.9999,0.013962,0,-0.013962,0.9999,0,0,0,1,8.6421e-05,0.0055013,0
0.032,0.99988,0.015707,0,-0.015707,0.99988,0,0,0,1,9.6108e-05,0.005506,0
0.031,0.99985,0.017452,0,-0.017452,0.99985,0,0,0,1,9.6246e-05,0.005514,0
0.036,0.99985,0.017452,0,-0.017452,0.99985,0,0,0,1,0.00010598,0.0055193,0
0.031,0.99982,0.019197,0,-0.019197,0.99982,0,0,0,1,0.00010613,0.0055274,0
0.032,0.99982,0.019197,0,-0.019197,0.99982,0,0,0,1,0.0001158,0.005528,0
0.032,0.99978,0.020942,0,-0.020942,0.99978,0,0,0,1,0.00012552,0.005531,0
0.035,0.99974,0.022687,0,-0.022687,0.99974,0,0,0,1,0.00013524,0.0055336,0
0.032,0.9997,0.024432,0,-0.024432,0.9997,0,0,0,1,0.00012577,0.0055421,0
0.032,0.99974,0.022687,0,-0.022687,0.99974,0,0,0,1,0.00012582,0.0055443,0
0.032,0.99974,0.022687,0,-0.022687,0.99974,0,0,0,1,0.00012588,0.0055472,0
0.035,0.99974,0.022687,0,-0.022687,0.99974,0,0,0,1,0.00012595,0.0055499,0
0.032,0.99974,0.022687,0,-0.022687,0.99974,0,0,0,1,0.00012604,0.0055541,0
0.032,0.99974,0.022687,0,-0.022687,0.99974,0,0,0,1,0.00013574,0.0055543,0
0.035,0.9997,0.024432,0,-0.024432,0.9997,0,0,0,1,0.00013579,0.0055563,0
0.032,0.9997,0.024432,0,-0.024432,0.9997,0,0,0,1,0.0001359,0.0055608,0
0.032,0.9997,0.024432,0,-0.024432,0.9997,0,0,0,1,0.00014556,0.0055588,0
0.031,0.99966,0.026177,0,-0.026177,0.99966,0,0,0,1,0.00015525,0.005558,0
0.036,0.99961,0.027922,0,-0.027922,0.99961,0,0,0,1,0.00016495,0.0055578,0
0.032,0.99956,0.029666,0,-0.029666,0.99956,0,0,0,1,0.00015542,0.005564,0
0.031,0.99961,0.027922,0,-0.027922,0.99961,0,0,0,1,0.00016505,0.0055613,0
0.036,0.99956,0.029666,0,-0.029666,0.99956,0,0,0,1,0.00016509,0.0055624,0
0.032,0.99956,0.029666,0,-0.029666,0.99956,0,0,0,1,0.00017487,0.0055644,0
0.032,0.99951,0.031411,0,-0.031411,0.99951,0,0,0,1,0.00015552,0.0055677,0
0.905,0.99961,0.027922,0,-0.027922,0.99961,0,0,0,1,1.0357e-05,0.00034898,0
0.906,0.99956,0.029666,0,-0.029666,0.99956,0,0,0,1,9.483e-06,0.00031952,0
0.911,0.99956,0.029666,0,-0.029666,0.99956,0,0,0,1,9.0834e-06,0.00030605,0
0.903,0.99956,0.029666,0,-0.029666,0.99956,0,0,0,1,8.7058e-06,0.00029333,0
0.904,0.99956,0.029666,0,-0.029666,0.99956,0,0,0,1,8.3485e-06,0.00028129,0
0.903,0.99956,0.029666,0,-0.029666,0.99956,0,0,0,1,8.0102e-06,0.00026989,0
0.914,0.99956,0.029666,0,-0.029666,0.99956,0,0,0,1,8.0879e-06,0.00025736,0
0.902,0.99951,0.031411,0,-0.031411,0.99951,0,0,0,1,7.7675e-06,0.00024717,0
0.901,0.99951,0.031411,0,-0.031411,0.99951,0,0,0,1,7.4631e-06,0.00023748,0
0.9,0.99951,0.031411,0,-0.031411,0.99951,0,0,0,1,7.1734e-06,0.00022826,0
0.139,0.99951,0.031411,0,-0.031411,0.99951,0,0,0,1,0.00010569,0.003363,0
0.031,0.99951,0.031411,0,-0.031411,0.99951,0,0,0,1,0.00010576,0.0033655,0
0.032,0.99951,0.031411,0,-0.031411,0.99951,0,0,0,1,0.00010002,0.0033701,0
0.035,0.99956,0.029666,0,-0.029666,0.99956,0,0,0,1,0.00010001,0.0033696,0
0.032,0.99956,0.029666,0,-0.029666,0.99956,0,0,0,1,0.00010004,0.0033707,0
0.032,0.99956,0.029666,0,-0.029666,0.99956,0,0,0,1,9.9981e-05,0.0033687,0
0.031,0.99956,0.029666,0,-0.029666,0.99956,0,0,0,1,9.9951e-05,0.0033677,0
0.036,0.99956,0.029666,0,-0.029666,0.99956,0,0,0,1,9.4119e-05,0.0033695,0
0.031,0.99961,0.027922,0,-0.027922,0.99961,0,0,0,1,9.4128e-05,0.0033698,0
0.032,0.99961,0.027922,0,-0.027922,0.99961,0,0,0,1,8.8237e-05,0.0033696,0
0.031,0.99966,0.026177,0,-0.026177,0.99966,0,0,0,1,8.8215e-05,0.0033688,0
0.035,0.99966,0.026177,0,-0.026177,0.99966,0,0,0,1,8.2365e-05,0.0033702,0
0.032,0.9997,0.024432,0,-0.024432,0.9997,0,0,0,1,8.8217e-05,0.0033689,0
0.032,0.99966,0.026177,0,-0.026177,0.99966,0,0,0,1,8.2338e-05,0.0033691,0
0.031,0.9997,0.024432,0,-0.024432,0.9997,0,0,0,1,8.2319e-05,0.0033683,0
0.036,0.9997,0.024432,0,-0.024432,0.9997,0,0,0,1,8.8144e-05,0.0033661,0
0.031,0.99966,0.026177,0,-0.026177,0.99966,0,0,0,1,8.8156e-05,0.0033665,0
0.032,0.99966,0.026177,0,-0.026177,0.99966,0,0,0,1,8.8122e-05,0.0033652,0
0.032,0.99966,0.026177,0,-0.026177,0.99966,0,0,0,1,8.8099e-05,0.0033644,0
0.035,0.99966,0.026177,0,-0.026177,0.99966,0,0,0,1,8.8086e-05,0.0033639,0
0.032,0.99966,0.026177,0,-0.026177,0.99966,0,0,0,1,8.2277e-05,0.0033665,0
0.031,0.9997,0.024432,0,-0.024432,0.9997,0,0,0,1,8.223e-05,0.0033647,0
0.032,0.9997,0.024432,0,-0.024432,0.9997,0,0,0,1,8.2228e-05,0.0033646,0
0.035,0.9997,0.024432,0,-0.024432,0.9997,0,0,0,1,8.2207e-05,0.0033637,0
0.031,0.9997,0.024432,0,-0.024432,0.9997,0,0,0,1,8.2229e-05,0.0033646,0
0.032,0.9997,0.024432,0,-0.024432,0.9997,0,0,0,1,8.2194e-05,0.0033632,0
0.032,0.9997,0.024432,0,-0.024432,0.9997,0,0,0,1,8.2184e-05,0.0033627,0
0.035,0.9997,0.024432,0,-0.024432,0.9997,0,0,0,1,7.6337e-05,0.0033639,0
0.063,0.99974,0.022687,0,-0.022687,0.99974,0,0,0,1,7.049e-05,0.0033652,0
0.032,0.99978,0.020942,0,-0.020942,0.99978,0,0,0,1,5.8793e-05,0.0033683,0
0.909,0.99985,0.017452,0,-0.017452,0.99985,0,0,0,1,3.7535e-06,0.00021504,0
0.902,0.99985,0.017452,0,-0.017452,0.99985,0,0,0,1,3.4549e-06,0.00019793,0
0.901,0.99985,0.017452,0,-0.017452,0.99985,0,0,0,1,3.3385e-06,0.00019126,0
0.92,0.99985,0.017452,0,-0.017452,0.99985,0,0,0,1,3.2262e-06,0.00018483,0
0.901,0.99985,0.017452,0,-0.017452,0.99985,0,0,0,1,3.1177e-06,0.00017862,0
0.902,0.99985,0.017452,0,-0.017452,0.99985,0,0,0,1,3.0131e-06,0.00017262,0
0.9,0.99985,0.017452,0,-0.017452,0.99985,0,0,0,1,2.9121e-06,0.00016683,0
0.919,0.99985,0.017452,0,-0.017452,0.99985,0,0,0,1,3.0655e-06,0.00015965,0
0.912,0.99982,0.019197,0,-0.019197,0.99982,0,0,0,1,2.9629e-06,0.00015431,0
0.914,0.99982,0.019197,0,-0.019197,0.99982,0,0,0,1,2.8638e-06,0.00014915,0
0.139,0.99982,0.019197,0,-0.019197,0.99982,0,0,0,1,5.4059e-07,2.8154e-05,0
0.031,0.99982,0.019197,0,-0.019197,0.99982,0,0,0,1,-2.5876e-06,0.00011402,0
0.035,0.99974,-0.022687,0,0.022687,0.99974,0,0,0,1,-3.2199e-05,0.00025136,0
0.032,0.99189,-0.12706,0,0.12706,0.99189,0,0,0,1,-7.6441e-05,0.00035963,0
0.032,0.97815,-0.20791,0,0.20791,0.97815,0,0,0,1,-0.00015808,0.000478,0
0.036,0.94943,-0.31399,0,0.31399,0.94943,0,0,0,1,-0.00023672,0.00056039,0
0.032,0.92119,-0.38912,0,0.38912,0.92119,0,0,0,1,-0.00032544,0.00062783,0
0.031,0.88782,-0.4602,0,0.4602,0.88782,0,0,0,1,-0.00042276,0.00068185,0
0.032,0.84989,-0.52696,0,0.52696,0.84989,0,0,0,1,-0.0005629,0.00072568,0
0.036,0.79016,-0.61291,0,0.61291,0.79016,0,0,0,1,-0.00068042,0.00074515,0
0.03,0.73846,-0.6743,0,0.6743,0.73846,0,0,0,1,-0.00080209,0.00074796,0
0.032,0.682,-0.73135,0,0.73135,0.682,0,0,0,1,-0.00092338,0.00073449,0
0.032,0.62251,-0.78261,0,0.78261,0.62251,0,0,0,1,-0.0010499,0.00070284,0
0.035,0.5563,-0.83098,0,0.83098,0.5563,0,0,0,1,-0.0012098,0.00063516,0
0.032,0.46484,-0.88539,0,0.88539,0.46484,0,0,0,1,-0.0013243,0.00056759,0
0.032,0.39394,-0.91914,0,0.91914,0.39394,0,0,0,1,-0.0014676,0.00045429,0
0.036,0.29571,-0.95528,0,0.95528,0.29571,0,0,0,1,-0.0015701,0.00034809,0
0.031,0.21644,-0.9763,0,0.9763,0.21644,0,0,0,1,-0.0017154,0.00015008,0
0.921,0.087156,-0.99619,0,0.99619,0.087156,0,0,0,1,-0.0018222,0.00015943,0
0.735,0.087156,-0.99619,0,0.99619,0.087156,0,0,0,1,-0.0070076,0.00060076,0
0.035,0.085417,-0.99635,0,0.99635,0.085417,0,0,0,1,-0.0069689,0.00057295,0
0.032,0.081939,-0.99664,0,0.99664,0.081939,0,0,0,1,-0.0069308,0.00056981,0
0.031,0.081939,-0.99664,0,0.99664,0.081939,0,0,0,1,-0.006883,0.00057798,0
0.032,0.083678,-0.99649,0,0.99649,0.083678,0,0,0,1,-0.0068394,0.00057432,0
0.036,0.083678,-0.99649,0,0.99649,0.083678,0,0,0,1,-0.0067999,0.00055905,0
0.031,0.081939,-0.99664,0,0.99664,0.081939,0,0,0,1,-0.0067612,0.00055587,0
0.032,0.081939,-0.99664,0,0.99664,0.081939,0,0,0,1,-0.00672,0.00055248,0
0.035,0.081939,-0.99664,0,0.99664,0.081939,0,0,0,1,-0.0066761,0.00057235,0
0.032,0.085417,-0.99635,0,0.99635,0.085417,0,0,0,1,-0.0066419,0.00056941,0
0.032,0.085417,-0.99635,0,0.99635,0.085417,0,0,0,1,-0.0066016,0.00057756,0
0.032,0.087156,-0.99619,0,0.99619,0.087156,0,0,0,1,-0.0065647,0.00058588,0
0.035,0.088894,-0.99604,0,0.99604,0.088894,0,0,0,1,-0.0065292,0.0005942,0
0.032,0.090633,-0.99588,0,0.99588,0.090633,0,0,0,1,-0.0064964,0.00060265,0
0.032,0.092371,-0.99572,0,0.99572,0.092371,0,0,0,1,-0.0064611,0.00061075,0
0.031,0.094108,-0.99556,0,0.99556,0.094108,0,0,0,1,-0.006431,0.0006079,0
0.036,0.094108,-0.99556,0,0.99556,0.094108,0,0,0,1,-0.0064024,0.0006052,0
0.032,0.094108,-0.99556,0,0.99556,0.094108,0,0,0,1,-0.0063737,0.00061371,0
0.031,0.095846,-0.9954,0,0.9954,0.095846,0,0,0,1,-0.0063422,0.00062186,0
0.032,0.097583,-0.99523,0,0.99523,0.097583,0,0,0,1,-0.006314,0.00063022,0
0.035,0.09932,-0.99506,0,0.99506,0.09932,0,0,0,1,-0.0062881,0.00062763,0
0.031,0.09932,-0.99506,0,0.99506,0.09932,0,0,0,1,-0.0062668,0.00062551,0
0.062,0.09932,-0.99506,0,0.99506,0.09932,0,0,0,1,-0.0062382,0.00063366,0
0.032,0.10106,-0.99488,0,0.99488,0.10106,0,0,0,1,-0.0062184,0.00062068,0
0.035,0.09932,-0.99506,0,0.99506,0.09932,0,0,0,1,-0.0061966,0.0006185,0
0.032,0.09932,-0.99506,0,0.99506,0.09932,0,0,0,1,-0.0061782,0.00061666,0
0.032,0.09932,-0.99506,0,0.99506,0.09932,0,0,0,1,-0.006158,0.0006038,0
0.035,0.097583,-0.99523,0,0.99523,0.097583,0,0,0,1,-0.0061358,0.00061243,0
0.032,0.09932,-0.99506,0,0.99506,0.09932,0,0,0,1,-0.0061186,0.00061072,0
0.032,0.09932,-0.99506,0,0.99506,0.09932,0,0,0,1,-0.0060955,0.00061916,0
0.91,0.10106,-0.99488,0,0.99488,0.10106,0,0,0,1,-0.00084596,8.593e-05,0
0.911,0.10106,-0.99488,0,0.99488,0.10106,0,0,0,1,-0.00080112,8.1375e-05,0
0.901,0.10106,-0.99488,0,0.99488,0.10106,0,0,0,1,-0.0007747,7.8691e-05,0
0.902,0.10106,-0.99488,0,0.99488,0.10106,0,0,0,1,-0.00074914,7.6095e-05,0
0.91,0.10106,-0.99488,0,0.99488,0.10106,0,0,0,1,-0.00072443,7.3585e-05,0
0.918,0.10106,-0.99488,0,0.99488,0.10106,0,0,0,1,-0.00070054,7.1158e-05,0
0.922,0.10106,-0.99488,0,0.99488,0.10106,0,0,0,1,-0.00067574,6.9831e-05,0
0.914,0.10279,-0.9947,0,0.9947,0.10279,0,0,0,1,-0.00065345,6.7528e-05,0
0.901,0.10279,-0.9947,0,0.9947,0.10279,0,0,0,1,-0.0006319,6.5301e-05,0
0.921,0.10279,-0.9947,0,0.9947,0.10279,0,0,0,1,-0.00061106,6.3147e-05,0
0.098,0.10279,-0.9947,0,0.9947,0.10279,0,0,0,1,-0.0037807,0.00039069,0
0.03,0.10279,-0.9947,0,0.9947,0.10279,0,0,0,1,-0.0037168,0.00046954,0
0.032,0.12533,-0.99211,0,0.99211,0.12533,0,0,0,1,-0.003644,0.00057715,0
0.032,0.15643,-0.98769,0,0.98769,0.15643,0,0,0,1,-0.0035432,0.00072732,0
0.035,0.20108,-0.97958,0,0.97958,0.20108,0,0,0,1,-0.0034598,0.00083061,0
0.031,0.23345,-0.97237,0,0.97237,0.23345,0,0,0,1,-0.003315,0.0010325,0
0.063,0.29737,-0.95476,0,0.95476,0.29737,0,0,0,1,-0.0032058,0.0011541,0
0.036,0.33874,-0.94088,0,0.94088,0.33874,0,0,0,1,-0.0031126,0.0012449,0
0.031,0.37137,-0.92849,0,0.92849,0.37137,0,0,0,1,-0.0030258,0.0013282,0
0.032,0.40195,-0.91566,0,0.91566,0.40195,0,0,0,1,-0.0029349,0.0014062,0
0.031,0.43209,-0.90183,0,0.90183,0.43209,0,0,0,1,-0.0028411,0.0014853,0
0.036,0.4633,-0.8862,0,0.8862,0.4633,0,0,0,1,-0.0027261,0.0015802,0
0.032,0.50151,-0.86515,0,0.86515,0.50151,0,0,0,1,-0.0026359,0.0016471,0
0.031,0.52992,-0.84805,0,0.84805,0.52992,0,0,0,1,-0.0025352,0.0017165,0
0.032,0.56064,-0.82806,0,0.82806,0.56064,0,0,0,1,-0.0024441,0.0017758,0
0.035,0.58779,-0.80902,0,0.80902,0.58779,0,0,0,1,-0.0023162,0.0018557,0
0.032,0.62524,-0.78043,0,0.78043,0.62524,0,0,0,1,-0.0022263,0.0019082,0
0.031,0.65077,-0.75927,0,0.75927,0.65077,0,0,0,1,-0.0021297,0.0019583,0
0.032,0.67688,-0.7361,0,0.7361,0.67688,0,0,0,1,-0.0020385,0.0020032,0
0.035,0.70091,-0.71325,0,0.71325,0.70091,0,0,0,1,-0.0019104,0.002063,0
0.032,0.73373,-0.67944,0,0.67944,0.73373,0,0,0,1,-0.0018155,0.0021033,0
0.032,0.757,-0.65342,0,0.65342,0.757,0,0,0,1,-0.0017198,0.002139,0
0.031,0.77934,-0.6266,0,0.6266,0.77934,0,0,0,1,-0.0016297,0.0021705,0
0.031,0.79968,-0.60042,0,0.60042,0.79968,0,0,0,1,-0.001535,0.0022004,0
0.035,0.82015,-0.57215,0,0.57215,0.82015,0,0,0,1,-0.0014124,0.0022342,0
0.032,0.84526,-0.53435,0,0.53435,0.84526,0,0,0,1,-0.0013198,0.0022585,0
0.031,0.8634,-0.50453,0,0.50453,0.8634,0,0,0,1,-0.0012315,0.0022776,0
0.032,0.87965,-0.47562,0,0.47562,0.87965,0,0,0,1,-0.0011395,0.0022955,0
0.035,0.89571,-0.44464,0,0.44464,0.89571,0,0,0,1,-0.0010152,0.0023128,0
0.032,0.91566,-0.40195,0,0.40195,0.91566,0,0,0,1,-0.00081452,0.0023259,0
0.913,0.9438,-0.33051,0,0.33051,0.9438,0,0,0,1,0.00024176,-0.00069036,0
0.918,0.9438,-0.33051,0,0.33051,0.9438,0,0,0,1,0.00023692,-0.00067654,0
0.912,0.9438,-0.33051,0,0.33051,0.9438,0,0,0,1,0.00022911,-0.00065424,0
0.911,0.9438,-0.33051,0,0.33051,0.9438,0,0,0,1,0.00022097,-0.00063455,0
0.913,0.94438,-0.32887,0,0.32887,0.94438,0,0,0,1,0.00021369,-0.00061362,0
0.911,0.94438,-0.32887,0,0.32887,0.94438,0,0,0,1,0.00020664,-0.00059339,0
0.92,0.94438,-0.32887,0,0.32887,0.94438,0,0,0,1,0.00019983,-0.00057383,0
0.9,0.94438,-0.32887,0,0.32887,0.94438,0,0,0,1,0.00019279,-0.00055674,0
0.902,0.94495,-0.32722,0,0.32722,0.94495,0,0,0,1,0.00018643,-0.00053838,0
0.919,0.94495,-0.32722,0,0.32722,0.94495,0,0,0,1,0.00018029,-0.00052063,0
0.192,0.94495,-0.32722,0,0.32722,0.94495,0,0,0,1,-0.00085403,0.0024663,0
0.031,0.94495,-0.32722,0,0.32722,0.94495,0,0,0,1,-0.00089414,0.0024972,0
0.035,0.94147,-0.3371,0,0.3371,0.94147,0,0,0,1,-0.00093014,0.002528,0
0.031,0.93849,-0.3453,0,0.3453,0.93849,0,0,0,1,-0.00096029,0.0025548,0
0.032,0.93606,-0.35184,0,0.35184,0.93606,0,0,0,1,-0.000984,0.0025768,0
0.032,0.9342,-0.35674,0,0.35674,0.9342,0,0,0,1,-0.0010142,0.0026013,0
0.031,0.93169,-0.36325,0,0.36325,0.93169,0,0,0,1,-0.0010437,0.0026228,0
0.035,0.92913,-0.36975,0,0.36975,0.92913,0,0,0,1,-0.0010786,0.002643,0
0.031,0.92587,-0.37784,0,0.37784,0.92587,0,0,0,1,-0.0011085,0.002663,0
0.031,0.92321,-0.3843,0,0.3843,0.92321,0,0,0,1,-0.0011317,0.0026791,0
0.031,0.92119,-0.38912,0,0.38912,0.92119,0,0,0,1,-0.0011564,0.0026981,0
0.032,0.91914,-0.39394,0,0.39394,0.91914,0,0,0,1,-0.0011803,0.0027145,0
0.035,0.91706,-0.39875,0,0.39875,0.91706,0,0,0,1,-0.0012096,0.0027297,0
0.032,0.91425,-0.40514,0,0.40514,0.91425,0,0,0,1,-0.0012393,0.0027448,0
0.031,0.9114,-0.41151,0,0.41151,0.9114,0,0,0,1,-0.0012569,0.002758,0
0.032,0.90996,-0.41469,0,0.41469,0.90996,0,0,0,1,-0.0012804,0.0027709,0
0.035,0.90778,-0.41945,0,0.41945,0.90778,0,0,0,1,-0.0013147,0.0027812,0
0.032,0.90408,-0.42736,0,0.42736,0.90408,0,0,0,1,-0.0013385,0.0027938,0
0.032,0.90183,-0.43209,0,0.43209,0.90183,0,0,0,1,-0.001361,0.0028029,0
0.031,0.89956,-0.4368,0,0.4368,0.89956,0,0,0,1,-0.0013783,0.0028135,0
0.035,0.89803,-0.43994,0,0.43994,0.89803,0,0,0,1,-0.0014124,0.0028205,0
0.032,0.89415,-0.44776,0,0.44776,0.89415,0,0,0,1,-0.0014356,0.0028297,0
0.031,0.8918,-0.45243,0,0.45243,0.8918,0,0,0,1,-0.0014575,0.0028359,0
0.032,0.88942,-0.4571,0,0.4571,0.88942,0,0,0,1,-0.0014856,0.0028418,0
0.035,0.8862,-0.4633,0,0.4633,0.8862,0,0,0,1,-0.0015192,0.0028452,0
0.032,0.88213,-0.47101,0,0.47101,0.88213,0,0,0,1,-0.0015533,0.0028489,0
0.031,0.87798,-0.47869,0,0.47869,0.87798,0,0,0,1,-0.0015745,0.0028523,0
0.031,0.87546,-0.48328,0,0.48328,0.87546,0,0,0,1,-0.0016079,0.0028536,0
0.036,0.87121,-0.4909,0,0.4909,0.87121,0,0,0,1,-0.0016295,0.0028568,0
0.031,0.86863,-0.49546,0,0.49546,0.86863,0,0,0,1,-0.0016573,0.0028591,0
0.032,0.86515,-0.50151,0,0.50151,0.86515,0,0,0,1,-0.0016897,0.0028572,0
0.913,0.86074,-0.50904,0,0.50904,0.86074,0,0,0,1,-9.5496e-05,0.00016147,0
0.901,0.86074,-0.50904,0,0.50904,0.86074,0,0,0,1,-8.5972e-05,0.00014595,0
0.918,0.86163,-0.50754,0,0.50754,0.86163,0,0,0,1,-8.3138e-05,0.00014114,0
0.902,0.86163,-0.50754,0,0.50754,0.86163,0,0,0,1,-8.0397e-05,0.00013649,0
0.92,0.86163,-0.50754,0,0.50754,0.86163,0,0,0,1,-7.6716e-05,0.00013076,0
0.902,0.86251,-0.50603,0,0.50603,0.86251,0,0,0,1,-7.4187e-05,0.00012645,0
0.91,0.86251,-0.50603,0,0.50603,0.86251,0,0,0,1,-7.1741e-05,0.00012228,0
0.901,0.86251,-0.50603,0,0.50603,0.86251,0,0,0,1,-6.8372e-05,0.00011701,0
0.901,0.8634,-0.50453,0,0.50453,0.8634,0,0,0,1,-6.6118e-05,0.00011315,0
0.912,0.8634,-0.50453,0,0.50453,0.8634,0,0,0,1,-6.3939e-05,0.00010942,0
0.092,0.8634,-0.50453,0,0.50453,0.8634,0,0,0,1,-0.0016522,0.0028273,0
0.035,0.8634,-0.50453,0,0.50453,0.8634,0,0,0,1,-0.0016617,0.0028324,0
0.032,0.86251,-0.50603,0,0.50603,0.86251,0,0,0,1,-0.0016777,0.0028369,0
0.031,0.86074,-0.50904,0,0.50904,0.86074,0,0,0,1,-0.0016797,0.0028402,0
0.032,0.86074,-0.50904,0,0.50904,0.86074,0,0,0,1,-0.0016874,0.002842,0
0.035,0.85985,-0.51054,0,0.51054,0.85985,0,0,0,1,-0.0016953,0.0028439,0
0.032,0.85896,-0.51204,0,0.51204,0.85896,0,0,0,1,-0.0017036,0.0028465,0
0.031,0.85806,-0.51354,0,0.51354,0.85806,0,0,0,1,-0.0017107,0.0028471,0
0.032,0.85717,-0.51504,0,0.51504,0.85717,0,0,0,1,-0.0017238,0.0028463,0
0.035,0.85536,-0.51803,0,0.51803,0.85536,0,0,0,1,-0.0017313,0.0028476,0
0.032,0.85446,-0.51952,0,0.51952,0.85446,0,0,0,1,-0.0017393,0.0028494,0
0.031,0.85355,-0.52101,0,0.52101,0.85355,0,0,0,1,-0.0017461,0.0028493,0
0.031,0.85264,-0.5225,0,0.5225,0.85264,0,0,0,1,-0.0017533,0.0028499,0
0.032,0.85173,-0.52399,0,0.52399,0.85173,0,0,0,1,-0.0017603,0.0028502,0
0.035,0.85081,-0.52547,0,0.52547,0.85081,0,0,0,1,-0.0017733,0.002849,0
0.032,0.84897,-0.52844,0,0.52844,0.84897,0,0,0,1,-0.0017751,0.0028519,0
0.032,0.84897,-0.52844,0,0.52844,0.84897,0,0,0,1,-0.0017874,0.0028493,0
0.031,0.84712,-0.5314,0,0.5314,0.84712,0,0,0,1,-0.0017941,0.0028491,0
0.035,0.84619,-0.53288,0,0.53288,0.84619,0,0,0,1,-0.0018068,0.002847,0
0.032,0.84433,-0.53583,0,0.53583,0.84433,0,0,0,1,-0.0018142,0.0028478,0
0.031,0.84339,-0.5373,0,0.5373,0.84339,0,0,0,1,-0.0018259,0.0028441,0
0.032,0.84151,-0.54024,0,0.54024,0.84151,0,0,0,1,-0.0018326,0.0028436,0
0.035,0.84057,-0.54171,0,0.54171,0.84057,0,0,0,1,-0.0018392,0.002843,0
0.032,0.83962,-0.54317,0,0.54317,0.83962,0,0,0,1,-0.0018521,0.0028411,0
0.031,0.83772,-0.5461,0,0.5461,0.83772,0,0,0,1,-0.0018578,0.002839,0
0.031,0.83676,-0.54756,0,0.54756,0.83676,0,0,0,1,-0.0018643,0.0028381,0
0.036,0.83581,-0.54902,0,0.54902,0.83581,0,0,0,1,-0.0018764,0.0028349,0
0.031,0.83389,-0.55194,0,0.55194,0.83389,0,0,0,1,-0.0018832,0.0028344,0
0.032,0.83292,-0.55339,0,0.55339,0.83292,0,0,0,1,-0.0018887,0.0028319,0
0.031,0.83195,-0.55484,0,0.55484,0.83195,0,0,0,1,-0.0018949,0.0028306,0
0.031,0.83098,-0.5563,0,0.5563,0.83098,0,0,0,1,-0.0019185,0.002823,0
0.92,0.82708,-0.56208,0,0.56208,0.82708,0,0,0,1,-0.00014906,0.00021934,0
0.901,0.82708,-0.56208,0,0.56208,0.82708,0,0,0,1,-0.00013714,0.00020256,0
0.92,0.82806,-0.56064,0,0.56064,0.82806,0,0,0,1,-0.0001314,0.0001948,0
0.91,0.82904,-0.55919,0,0.55919,0.82904,0,0,0,1,-0.00012706,0.00018838,0
0.912,0.82904,-0.55919,0,0.55919,0.82904,0,0,0,1,-0.00012168,0.00018107,0
0.912,0.83001,-0.55775,0,0.55775,0.83001,0,0,0,1,-0.00011648,0.00017399,0
0.912,0.83098,-0.5563,0,0.5563,0.83098,0,0,0,1,-0.00011147,0.00016714,0
0.918,0.83195,-0.55484,0,0.55484,0.83195,0,0,0,1,-0.00010779,0.00016163,0
0.094,0.83195,-0.55484,0,0.55484,0.83195,0,0,0,1,-0.0018494,0.0027835,0
0.036,0.83292,-0.55339,0,0.55339,0.83292,0,0,0,1,-0.0018572,0.0027847,0
0.031,0.83195,-0.55484,0,0.55484,0.83195,0,0,0,1,-0.0018713,0.0027848,0
0.032,0.83001,-0.55775,0,0.55775,0.83001,0,0,0,1,-0.0018719,0.0027857,0
0.035,0.83001,-0.55775,0,0.55775,0.83001,0,0,0,1,-0.0018782,0.0027845,0
0.063,0.82904,-0.55919,0,0.55919,0.82904,0,0,0,1,-0.0018843,0.0027831,0
0.032,0.82806,-0.56064,0,0.56064,0.82806,0,0,0,1,-0.0018904,0.0027816,0
0.035,0.82708,-0.56208,0,0.56208,0.82708,0,0,0,1,-0.0018964,0.0027799,0
0.031,0.8261,-0.56353,0,0.56353,0.8261,0,0,0,1,-0.0019031,0.0027795,0
0.032,0.82511,-0.56497,0,0.56497,0.82511,0,0,0,1,-0.001902,0.0027779,0
0.031,0.82511,-0.56497,0,0.56497,0.82511,0,0,0,1,-0.0019087,0.0027772,0
0.032,0.82413,-0.56641,0,0.56641,0.82413,0,0,0,1,-0.0019146,0.0027754,0
0.035,0.82314,-0.56784,0,0.56784,0.82314,0,0,0,1,-0.0019149,0.0027758,0
0.031,0.82314,-0.56784,0,0.56784,0.82314,0,0,0,1,-0.0019214,0.0027749,0
0.032,0.82214,-0.56928,0,0.56928,0.82214,0,0,0,1,-0.0019266,0.002772,0
0.031,0.82115,-0.57071,0,0.57071,0.82115,0,0,0,1,-0.0019209,0.0027742,0
0.036,0.82214,-0.56928,0,0.56928,0.82214,0,0,0,1,-0.0019213,0.0027747,0
0.031,0.82214,-0.56928,0,0.56928,0.82214,0,0,0,1,-0.0019274,0.0027732,0
0.032,0.82115,-0.57071,0,0.57071,0.82115,0,0,0,1,-0.001927,0.0027727,0
0.031,0.82115,-0.57071,0,0.57071,0.82115,0,0,0,1,-0.001927,0.0027726,0
0.036,0.82115,-0.57071,0,0.57071,0.82115,0,0,0,1,-0.0019328,0.0027706,0
0.031,0.82015,-0.57215,0,0.57215,0.82015,0,0,0,1,-0.0019336,0.0027718,0
0.032,0.82015,-0.57215,0,0.57215,0.82015,0,0,0,1,-0.001933,0.0027708,0
0.031,0.82015,-0.57215,0,0.57215,0.82015,0,0,0,1,-0.0019385,0.0027685,0
0.036,0.81915,-0.57358,0,0.57358,0.81915,0,0,0,1,-0.0019386,0.0027686,0
0.031,0.81915,-0.57358,0,0.57358,0.81915,0,0,0,1,-0.001945,0.0027675,0
0.032,0.81815,-0.57501,0,0.57501,0.81815,0,0,0,1,-0.0019444,0.0027666,0
0.031,0.81815,-0.57501,0,0.57501,0.81815,0,0,0,1,-0.0019443,0.0027664,0
0.036,0.81815,-0.57501,0,0.57501,0.81815,0,0,0,1,-0.0019501,0.0027645,0
0.031,0.81714,-0.57643,0,0.57643,0.81714,0,0,0,1,-0.0019506,0.0027652,0
0.904,0.81714,-0.57643,0,0.57643,0.81714,0,0,0,1,-0.00013099,0.00018638,0
0.917,0.81815,-0.57501,0,0.57501,0.81815,0,0,0,1,-0.00012024,0.00017172,0
0.905,0.81915,-0.57358,0,0.57358,0.81915,0,0,0,1,-0.00011627,0.00016605,0
0.908,0.81915,-0.57358,0,0.57358,0.81915,0,0,0,1,-0.00011126,0.00015948,0
0.914,0.82015,-0.57215,0,0.57215,0.82015,0,0,0,1,-0.00010642,0.00015311,0
0.901,0.82115,-0.57071,0,0.57071,0.82115,0,0,0,1,-0.00010175,0.00014695,0
0.901,0.82214,-0.56928,0,0.56928,0.82214,0,0,0,1,-9.725e-05,0.00014097,0
0.919,0.82314,-0.56784,0,0.56784,0.82314,0,0,0,1,-9.4044e-05,0.00013632,0
0.911,0.82314,-0.56784,0,0.56784,0.82314,0,0,0,1,-9.0943e-05,0.00013183,0
0.901,0.82314,-0.56784,0,0.56784,0.82314,0,0,0,1,-8.7945e-05,0.00012748,0
0.114,0.82314,-0.56784,0,0.56784,0.82314,0,0,0,1,-0.0018719,0.0027237,0
0.035,0.82413,-0.56641,0,0.56641,0.82413,0,0,0,1,-0.0018858,0.0027234,0
0.03,0.82214,-0.56928,0,0.56928,0.82214,0,0,0,1,-0.0018892,0.0027284,0
0.032,0.82214,-0.56928,0,0.56928,0.82214,0,0,0,1,-0.0018899,0.0027293,0
0.031,0.82214,-0.56928,0,0.56928,0.82214,0,0,0,1,-0.0018908,0.0027307,0
0.036,0.82214,-0.56928,0,0.56928,0.82214,0,0,0,1,-0.0018972,0.0027297,0
0.031,0.82115,-0.57071,0,0.57071,0.82115,0,0,0,1,-0.0019044,0.0027299,0
0.032,0.82015,-0.57215,0,0.57215,0.82015,0,0,0,1,-0.0018988,0.002732,0
0.031,0.82115,-0.57071,0,0.57071,0.82115,0,0,0,1,-0.0019052,0.002731,0
0.036,0.82015,-0.57215,0,0.57215,0.82015,0,0,0,1,-0.001906,0.0027321,0
0.031,0.82015,-0.57215,0,0.57215,0.82015,0,0,0,1,-0.0019068,0.0027334,0
0.031,0.82015,-0.57215,0,0.57215,0.82015,0,0,0,1,-0.0019136,0.0027329,0
0.032,0.81915,-0.57358,0,0.57358,0.81915,0,0,0,1,-0.0019136,0.0027329,0
0.031,0.81915,-0.57358,0,0.57358,0.81915,0,0,0,1,-0.0019195,0.0027311,0
0.036,0.81815,-0.57501,0,0.57501,0.81815,0,0,0,1,-0.0019259,0.0027301,0
0.031,0.81714,-0.57643,0,0.57643,0.81714,0,0,0,1,-0.001927,0.0027317,0
0.032,0.81714,-0.57643,0,0.57643,0.81714,0,0,0,1,-0.0019323,0.0027291,0
0.031,0.81614,-0.57786,0,0.57786,0.81614,0,0,0,1,-0.0019386,0.0027279,0
0.035,0.81513,-0.57928,0,0.57928,0.81513,0,0,0,1,-0.001939,0.0027284,0
0.032,0.81513,-0.57928,0,0.57928,0.81513,0,0,0,1,-0.00194,0.0027299,0
0.031,0.81513,-0.57928,0,0.57928,0.81513,0,0,0,1,-0.001946,0.0027282,0
0.031,0.81412,-0.5807,0,0.5807,0.81412,0,0,0,1,-0.0019455,0.0027275,0
0.032,0.81412,-0.5807,0,0.5807,0.81412,0,0,0,1,-0.001946,0.0027282,0
0.035,0.81412,-0.5807,0,0.5807,0.81412,0,0,0,1,-0.0019517,0.0027262,0
0.031,0.8131,-0.58212,0,0.58212,0.8131,0,0,0,1,-0.0019527,0.0027274,0
0.032,0.8131,-0.58212,0,0.58212,0.8131,0,0,0,1,-0.0019522,0.0027268,0
0.032,0.8131,-0.58212,0,0.58212,0.8131,0,0,0,1,-0.0019524,0.0027271,0
0.035,0.8131,-0.58212,0,0.58212,0.8131,0,0,0,1,-0.0019582,0.0027251,0
0.032,0.81208,-0.58354,0,0.58354,0.81208,0,0,0,1,-0.0019594,0.0027268,0
0.031,0.81208,-0.58354,0,0.58354,0.81208,0,0,0,1,-0.0019587,0.0027258,0
0.031,0.81208,-0.58354,0,0.58354,0.81208,0,0,0,1,-0.0019588,0.002726,0
0.91,0.81208,-0.58354,0,0.58354,0.81208,0,0,0,1,-0.00011904,0.00016567,0
0.911,0.81208,-0.58354,0,0.58354,0.81208,0,0,0,1,-0.00010784,0.00015063,0
0.901,0.8131,-0.58212,0,0.58212,0.8131,0,0,0,1,-0.00010428,0.00014566,0
0.911,0.8131,-0.58212,0,0.58212,0.8131,0,0,0,1,-0.00010085,0.00014086,0
0.91,0.8131,-0.58212,0,0.58212,0.8131,0,0,0,1,-9.7521e-05,0.00013622,0
0.901,0.8131,-0.58212,0,0.58212,0.8131,0,0,0,1,-9.3158e-05,0.0001306,0
0.913,0.81412,-0.5807,0,0.5807,0.81412,0,0,0,1,-9.0087e-05,0.0001263,0
0.919,0.81412,-0.5807,0,0.5807,0.81412,0,0,0,1,-8.7117e-05,0.00012213,0
0.901,0.81412,-0.5807,0,0.5807,0.81412,0,0,0,1,-8.4245e-05,0.00011811,0
0.902,0.81412,-0.5807,0,0.5807,0.81412,0,0,0,1,-8.1467e-05,0.00011421,0
0.181,0.81412,-0.5807,0,0.5807,0.81412,0,0,0,1,-0.0019031,0.0026681,0
0.035,0.81412,-0.5807,0,0.5807,0.81412,0,0,0,1,-0.0019381,0.0026675,0
0.032,0.80902,-0.58779,0,0.58779,0.80902,0,0,0,1,-0.0019789,0.0026647,0
0.031,0.80282,-0.59622,0,0.59622,0.80282,0,0,0,1,-0.0020171,0.0026574,0
0.032,0.79653,-0.6046,0,0.6046,0.79653,0,0,0,1,-0.0020494,0.0026517,0
0.031,0.79122,-0.61153,0,0.61153,0.79122,0,0,0,1,-0.0020871,0.0026428,0
0.036,0.78478,-0.61978,0,0.61978,0.78478,0,0,0,1,-0.0021079,0.0026405,0
0.031,0.78152,-0.62388,0,0.62388,0.78152,0,0,0,1,-0.0021346,0.0026361,0
0.032,0.77715,-0.62932,0,0.62932,0.77715,0,0,0,1,-0.0021653,0.0026267,0
0.031,0.77162,-0.63608,0,0.63608,0.77162,0,0,0,1,-0.0021907,0.0026201,0
0.035,0.76717,-0.64145,0,0.64145,0.76717,0,0,0,1,-0.0022216,0.0026104,0
0.032,0.76154,-0.64812,0,0.64812,0.76154,0,0,0,1,-0.0022475,0.0026038,0
0.032,0.757,-0.65342,0,0.65342,0.757,0,0,0,1,-0.0022716,0.0025948,0
0.031,0.75241,-0.65869,0,0.65869,0.75241,0,0,0,1,-0.002296,0.0025861,0
0.035,0.7478,-0.66393,0,0.66393,0.7478,0,0,0,1,-0.002326,0.0025742,0
0.032,0.74198,-0.67043,0,0.67043,0.74198,0,0,0,1,-0.0023453,0.0025684,0
0.031,0.73846,-0.6743,0,0.6743,0.73846,0,0,0,1,-0.0023685,0.0025578,0
0.032,0.73373,-0.67944,0,0.67944,0.73373,0,0,0,1,-0.0023864,0.0025502,0
0.035,0.73016,-0.68327,0,0.68327,0.73016,0,0,0,1,-0.0024211,0.0025336,0
0.032,0.72297,-0.69088,0,0.69088,0.72297,0,0,0,1,-0.0024453,0.0025233,0
0.032,0.71813,-0.69591,0,0.69591,0.71813,0,0,0,1,-0.0024673,0.0025107,0
0.031,0.71325,-0.70091,0,0.70091,0.71325,0,0,0,1,-0.00249,0.0024987,0
0.035,0.70834,-0.70587,0,0.70587,0.70834,0,0,0,1,-0.0025161,0.0024812,0
0.032,0.70215,-0.71203,0,0.71203,0.70215,0,0,0,1,-0.0025403,0.0024704,0
0.032,0.69717,-0.71691,0,0.71691,0.69717,0,0,0,1,-0.0025571,0.0024607,0
0.031,0.6934,-0.72055,0,0.72055,0.6934,0,0,0,1,-0.0025789,0.0024473,0
0.035,0.68835,-0.72537,0,0.72537,0.68835,0,0,0,1,-0.0026007,0.0024337,0
0.032,0.68327,-0.73016,0,0.73016,0.68327,0,0,0,1,-0.002623,0.0024204,0
0.032,0.67816,-0.73491,0,0.73491,0.67816,0,0,0,1,-0.0026381,0.0024089,0
0.031,0.6743,-0.73846,0,0.73846,0.6743,0,0,0,1,-0.002658,0.0023933,0
0.031,0.66913,-0.74314,0,0.74314,0.66913,0,0,0,1,-0.0026663,0.0023839,0
0.909,0.66653,-0.74548,0,0.74548,0.66653,0,0,0,1,-0.00032692,0.0002923,0
0.902,0.66653,-0.74548,0,0.74548,0.66653,0,0,0,1,-0.00031066,0.00027777,0
0.919,0.66653,-0.74548,0,0.74548,0.66653,0,0,0,1,-0.00029878,0.00026808,0
0.902,0.66783,-0.74431,0,0.74431,0.66783,0,0,0,1,-0.00028893,0.00025924,0
0.901,0.66783,-0.74431,0,0.74431,0.66783,0,0,0,1,-0.0002794,0.00025069,0
0.902,0.66783,-0.74431,0,0.74431,0.66783,0,0,0,1,-0.00027019,0.00024243,0
0.909,0.66783,-0.74431,0,0.74431,0.66783,0,0,0,1,-0.0002597,0.00023383,0
0.901,0.66913,-0.74314,0,0.74314,0.66913,0,0,0,1,-0.00025114,0.00022612,0
0.903,0.66913,-0.74314,0,0.74314,0.66913,0,0,0,1,-0.00024286,0.00021867,0
0.91,0.66913,-0.74314,0,0.74314,0.66913,0,0,0,1,-0.00023331,0.00021081,0
0.912,0.67043,-0.74198,0,0.74198,0.67043,0,0,0,1,-0.00022409,0.00020319,0
0.918,0.67172,-0.7408,0,0.7408,0.67172,0,0,0,1,-0.0002167,0.00019649,0
0.713,0.67172,-0.7408,0,0.7408,0.67172,0,0,0,1,-0.0025377,0.002285,0
0.036,0.66913,-0.74314,0,0.74314,0.66913,0,0,0,1,-0.0025967,0.0022572,0
0.032,0.65606,-0.75471,0,0.75471,0.65606,0,0,0,1,-0.0026445,0.0022348,0
0.03,0.64546,-0.7638,0,0.7638,0.64546,0,0,0,1,-0.0027299,0.002187,0
0.063,0.62524,-0.78043,0,0.78043,0.62524,0,0,0,1,-0.0027934,0.0021512,0
0.036,0.61015,-0.79229,0,0.79229,0.61015,0,0,0,1,-0.0028382,0.0021232,0
0.031,0.59902,-0.80073,0,0.80073,0.59902,0,0,0,1,-0.0028932,0.0020866,0
0.032,0.58496,-0.81106,0,0.81106,0.58496,0,0,0,1,-0.0029354,0.0020554,0
0.031,0.57358,-0.81915,0,0.81915,0.57358,0,0,0,1,-0.0029924,0.0020108,0
0.036,0.55775,-0.83001,0,0.83001,0.55775,0,0,0,1,-0.0030339,0.0019778,0
0.031,0.5461,-0.83772,0,0.83772,0.5461,0,0,0,1,-0.0030801,0.0019396,0
0.032,0.53288,-0.84619,0,0.84619,0.53288,0,0,0,1,-0.0031189,0.0019038,0
0.031,0.52101,-0.85355,0,0.85355,0.52101,0,0,0,1,-0.0031669,0.001858,0
0.035,0.50603,-0.86251,0,0.86251,0.50603,0,0,0,1,-0.0032232,0.0018014,0
0.032,0.48786,-0.87292,0,0.87292,0.48786,0,0,0,1,-0.0032649,0.001758,0
0.032,0.47409,-0.88048,0,0.88048,0.47409,0,0,0,1,-0.0033087,0.0017078,0
0.031,0.45865,-0.88862,0,0.88862,0.45865,0,0,0,1,-0.003343,0.0016668,0
0.035,0.4462,-0.89493,0,0.89493,0.4462,0,0,0,1,-0.0033939,0.0016043,0
0.032,0.42736,-0.90408,0,0.90408,0.42736,0,0,0,1,-0.0034318,0.0015567,0
0.031,0.4131,-0.91068,0,0.91068,0.4131,0,0,0,1,-0.0034671,0.0015075,0
0.032,0.39875,-0.91706,0,0.91706,0.39875,0,0,0,1,-0.0035006,0.0014572,0
0.031,0.3843,-0.92321,0,0.92321,0.3843,0,0,0,1,-0.0035377,0.0014007,0
0.035,0.36812,-0.92978,0,0.92978,0.36812,0,0,0,1,-0.0035853,0.0013262,0
0.032,0.34694,-0.93789,0,0.93789,0.34694,0,0,0,1,-0.0036167,0.0012736,0
0.031,0.33216,-0.94322,0,0.94322,0.33216,0,0,0,1,-0.0036524,0.0012079,0
0.032,0.31399,-0.94943,0,0.94943,0.31399,0,0,0,1,-0.003687,0.0011413,0
0.035,0.29571,-0.95528,0,0.95528,0.29571,0,0,0,1,-0.0037309,0.0010557,0
0.032,0.27228,-0.96222,0,0.96222,0.27228,0,0,0,1,-0.0037564,0.00099949,0
0.031,0.25713,-0.96638,0,0.96638,0.25713,0,0,0,1,-0.0037822,0.00093599,0
0.032,0.24023,-0.97072,0,0.97072,0.24023,0,0,0,1,-0.0038229,0.00084052,0
0.901,0.21474,-0.97667,0,0.97667,0.21474,0,0,0,1,-0.00076411,0.000168,0
0.92,0.21474,-0.97667,0,0.97667,0.21474,0,0,0,1,-0.00072727,0.00016123,0
0.912,0.21644,-0.9763,0,0.9763,0.21644,0,0,0,1,-0.00070148,0.0001568,0
0.91,0.21814,-0.97592,0,0.97592,0.21814,0,0,0,1,-0.00067835,0.00015163,0
0.911,0.21814,-0.97592,0,0.97592,0.21814,0,0,0,1,-0.00065419,0.00014743,0
0.91,0.21985,-0.97553,0,0.97553,0.21985,0,0,0,1,-0.00063083,0.00014332,0
0.901,0.22155,-0.97515,0,0.97515,0.22155,0,0,0,1,-0.00061003,0.0001386,0
0.903,0.22155,-0.97515,0,0.97515,0.22155,0,0,0,1,-0.00061823,0.00012241,0
0.471,0.19423,-0.98096,0,0.98096,0.19423,0,0,0,1,-0.0036996,0.00072583,0
0.035,0.19252,-0.98129,0,0.98129,0.19252,0,0,0,1,-0.0036884,0.00071696,0
0.031,0.19081,-0.98163,0,0.98163,0.19081,0,0,0,1,-0.0036854,0.00070303,0
0.032,0.18738,-0.98229,0,0.98229,0.18738,0,0,0,1,-0.0036741,0.00070088,0
0.031,0.18738,-0.98229,0,0.98229,0.18738,0,0,0,1,-0.0036625,0.00069865,0
0.036,0.18738,-0.98229,0,0.98229,0.18738,0,0,0,1,-0.0036537,0.00069038,0
0.031,0.18567,-0.98261,0,0.98261,0.18567,0,0,0,1,-0.0036441,0.00068856,0
0.032,0.18567,-0.98261,0,0.98261,0.18567,0,0,0,1,-0.0036351,0.00068029,0
0.031,0.18395,-0.98294,0,0.98294,0.18395,0,0,0,1,-0.0036246,0.00067832,0
0.036,0.18395,-0.98294,0,0.98294,0.18395,0,0,0,1,-0.0036175,0.00067047,0
0.032,0.18224,-0.98325,0,0.98325,0.18224,0,0,0,1,-0.0036094,0.00066895,0
0.029,0.18224,-0.98325,0,0.98325,0.18224,0,0,0,1,-0.0035992,0.00066707,0
0.032,0.18224,-0.98325,0,0.98325,0.18224,0,0,0,1,-0.0035893,0.00066524,0
0.031,0.18224,-0.98325,0,0.98325,0.18224,0,0,0,1,-0.0035831,0.00065762,0
0.036,0.18052,-0.98357,0,0.98357,0.18052,0,0,0,1,-0.0035747,0.00065609,0
0.031,0.18052,-0.98357,0,0.98357,0.18052,0,0,0,1,-0.0035678,0.00065482,0
0.032,0.18052,-0.98357,0,0.98357,0.18052,0,0,0,1,-0.0035556,0.00065899,0
0.031,0.18224,-0.98325,0,0.98325,0.18224,0,0,0,1,-0.0035168,0.0007155,0
0.032,0.19937,-0.97992,0,0.97992,0.19937,0,0,0,1,-0.0034771,0.00077721,0
0.035,0.21814,-0.97592,0,0.97592,0.21814,0,0,0,1,-0.0034447,0.00082701,0
0.032,0.23345,-0.97237,0,0.97237,0.23345,0,0,0,1,-0.0034238,0.00085364,0
0.031,0.24192,-0.9703,0,0.9703,0.24192,0,0,0,1,-0.0034036,0.00088023,0
0.032,0.25038,-0.96815,0,0.96815,0.25038,0,0,0,1,-0.0033931,0.00089017,0
0.035,0.25376,-0.96727,0,0.96727,0.25376,0,0,0,1,-0.003386,0.00089461,0
0.031,0.25545,-0.96682,0,0.96682,0.25545,0,0,0,1,-0.0033759,0.00090457,0
0.031,0.25882,-0.96593,0,0.96593,0.25882,0,0,0,1,-0.0033691,0.00090906,0
0.031,0.2605,-0.96547,0,0.96547,0.2605,0,0,0,1,-0.0033563,0.00092447,0
0.032,0.26556,-0.9641,0,0.9641,0.26556,0,0,0,1,-0.0033468,0.00093443,0
0.035,0.26892,-0.96316,0,0.96316,0.26892,0,0,0,1,-0.0033374,0.0009444,0
0.031,0.27228,-0.96222,0,0.96222,0.27228,0,0,0,1,-0.0033314,0.00094899,0
0.031,0.27396,-0.96174,0,0.96174,0.27396,0,0,0,1,-0.003316,0.00096967,0
0.902,0.28067,-0.95981,0,0.95981,0.28067,0,0,0,1,-0.00028324,8.3363e-05,0
0.901,0.28234,-0.95931,0,0.95931,0.28234,0,0,0,1,-0.00027225,8.0643e-05,0
0.901,0.28402,-0.95882,0,0.95882,0.28402,0,0,0,1,-0.00026162,7.7993e-05,0
0.9,0.28569,-0.95832,0,0.95832,0.28569,0,0,0,1,-0.00025135,7.5409e-05,0
0.913,0.28736,-0.95782,0,0.95782,0.28736,0,0,0,1,-0.00024142,7.289e-05,0
0.91,0.28903,-0.95732,0,0.95732,0.28903,0,0,0,1,-0.00023346,7.0487e-05,0
0.92,0.28903,-0.95732,0,0.95732,0.28903,0,0,0,1,-0.00022414,6.8098e-05,0
0.901,0.2907,-0.95681,0,0.95681,0.2907,0,0,0,1,-0.00021512,6.5769e-05,0
0.912,0.29237,-0.9563,0,0.9563,0.29237,0,0,0,1,5.8447e-05,-4.1383e-05,0
0.912,0.57786,-0.81614,0,0.81614,0.57786,0,0,0,1,5.5731e-05,-3.946e-05,0
0.911,0.57786,-0.81614,0,0.81614,0.57786,0,0,0,1,5.5903e-05,-3.9728e-05,0
0.909,0.57928,-0.81513,0,0.81513,0.57928,0,0,0,1,5.406e-05,-3.8419e-05,0
0.903,0.57928,-0.81513,0,0.81513,0.57928,0,0,0,1,5.3499e-05,-3.8161e-05,0
0.919,0.5807,-0.81412,0,0.81412,0.5807,0,0,0,1,5.1736e-05,-3.6903e-05,0
0.032,0.5807,-0.81412,0,0.81412,0.5807,0,0,0,1,-0.0024981,0.0017819,0
0.031,0.5807,-0.81412,0,0.81412,0.5807,0,0,0,1,-0.0025519,0.001767,0
0.035,0.56928,-0.82214,0,0.82214,0.56928,0,0,0,1,-0.0026285,0.0017332,0
0.032,0.55048,-0.83485,0,0.83485,0.55048,0,0,0,1,-0.0026881,0.0017059,0
0.031,0.53583,-0.84433,0,0.84433,0.53583,0,0,0,1,-0.002732,0.0016873,0
0.032,0.52547,-0.85081,0,0.85081,0.52547,0,0,0,1,-0.0026948,0.0017367,0
0.035,0.54171,-0.84057,0,0.84057,0.54171,0,0,0,1,-0.0026688,0.0017799,0
0.032,0.55484,-0.83195,0,0.83195,0.55484,0,0,0,1,-0.0026494,0.0018141,0
0.031,0.56497,-0.82511,0,0.82511,0.56497,0,0,0,1,-0.0026224,0.0018567,0
0.031,0.57786,-0.81614,0,0.81614,0.57786,0,0,0,1,-0.0026135,0.0018849,0
0.031,0.58496,-0.81106,0,0.81106,0.58496,0,0,0,1,-0.0025802,0.0019303,0
0.036,0.59902,-0.80073,0,0.80073,0.59902,0,0,0,1,-0.0025643,0.0019605,0
0.031,0.60738,-0.79441,0,0.79441,0.60738,0,0,0,1,-0.0025443,0.001995,0
0.032,0.61704,-0.78694,0,0.78694,0.61704,0,0,0,1,-0.0025229,0.0020285,0
0.031,0.6266,-0.77934,0,0.77934,0.6266,0,0,0,1,-0.0024869,0.002072,0
0.036,0.64011,-0.76828,0,0.76828,0.64011,0,0,0,1,-0.0024645,0.0021049,0
0.032,0.64945,-0.76041,0,0.76041,0.64945,0,0,0,1,-0.0024467,0.0021344,0
0.032,0.65738,-0.75356,0,0.75356,0.65738,0,0,0,1,-0.0024234,0.0021668,0
0.035,0.66653,-0.74548,0,0.74548,0.66653,0,0,0,1,-0.0023845,0.0022081,0
0.032,0.67944,-0.73373,0,0.73373,0.67944,0,0,0,1,-0.0023554,0.002243,0
0.032,0.68962,-0.72417,0,0.72417,0.68962,0,0,0,1,-0.0023356,0.0022713,0
0.032,0.69717,-0.71691,0,0.71691,0.69717,0,0,0,1,-0.0023049,0.0023049,0
0.035,0.70711,-0.70711,0,0.70711,0.70711,0,0,0,1,-0.0022635,0.0023439,0
0.032,0.71934,-0.69466,0,0.69466,0.71934,0,0,0,1,-0.0022322,0.002377,0
0.031,0.72897,-0.68455,0,0.68455,0.72897,0,0,0,1,-0.0022103,0.0024037,0
0.032,0.7361,-0.67688,0,0.67688,0.7361,0,0,0,1,-0.002178,0.0024359,0
0.035,0.74548,-0.66653,0,0.66653,0.74548,0,0,0,1,-0.0021554,0.0024621,0
0.032,0.75241,-0.65869,0,0.65869,0.75241,0,0,0,1,-0.002143,0.0024827,0
0.032,0.757,-0.65342,0,0.65342,0.757,0,0,0,1,-0.0021408,0.0024978,0
0.031,0.75927,-0.65077,0,0.65077,0.75927,0,0,0,1,-0.0021441,0.0025105,0
0.035,0.76041,-0.64945,0,0.64945,0.76041,0,0,0,1,-0.0021417,0.0025254,0
0.914,0.76267,-0.64679,0,0.64679,0.76267,0,0,0,1,-0.00012561,0.00014811,0
0.916,0.76267,-0.64679,0,0.64679,0.76267,0,0,0,1,-0.00012007,0.00014208,0
0.916,0.7638,-0.64546,0,0.64546,0.7638,0,0,0,1,-0.00011485,0.00013639,0
0.911,0.76492,-0.64412,0,0.64412,0.76492,0,0,0,1,-0.00010982,0.00013088,0
0.911,0.76604,-0.64279,0,0.64279,0.76604,0,0,0,1,-0.0001062,0.00012657,0
0.903,0.76604,-0.64279,0,0.64279,0.76604,0,0,0,1,-0.00013715,0.00014863,0
0.92,0.73491,-0.67816,0,0.67816,0.73491,0,0,0,1,-0.00012686,0.00013796,0
0.872,0.7361,-0.67688,0,0.67688,0.7361,0,0,0,1,-0.002247,0.0024266,0
0.036,0.73373,-0.67944,0,0.67944,0.73373,0,0,0,1,-0.0023252,0.0024078,0
0.032,0.71934,-0.69466,0,0.69466,0.71934,0,0,0,1,-0.0024021,0.0023854,0
0.031,0.70463,-0.70957,0,0.70957,0.70463,0,0,0,1,-0.0024231,0.0023895,0
0.031,0.70215,-0.71203,0,0.71203,0.70215,0,0,0,1,-0.0024124,0.0024124,0
0.036,0.70711,-0.70711,0,0.70711,0.70711,0,0,0,1,-0.002407,0.0024324,0
0.031,0.7108,-0.70339,0,0.70339,0.7108,0,0,0,1,-0.0024012,0.002452,0
0.032,0.71447,-0.69966,0,0.69966,0.71447,0,0,0,1,-0.0023954,0.0024718,0
0.031,0.71813,-0.69591,0,0.69591,0.71813,0,0,0,1,-0.002378,0.0024972,0
0.036,0.72417,-0.68962,0,0.68962,0.72417,0,0,0,1,-0.0023714,0.0025164,0
0.031,0.72777,-0.68582,0,0.68582,0.72777,0,0,0,1,-0.0023701,0.0025328,0
0.031,0.73016,-0.68327,0,0.68327,0.73016,0,0,0,1,-0.0023625,0.0025512,0
0.031,0.73373,-0.67944,0,0.67944,0.73373,0,0,0,1,-0.0023494,0.0025729,0
0.036,0.73846,-0.6743,0,0.6743,0.73846,0,0,0,1,-0.0023414,0.0025913,0
0.032,0.74198,-0.67043,0,0.67043,0.74198,0,0,0,1,-0.0023386,0.0026064,0
0.03,0.74431,-0.66783,0,0.66783,0.74431,0,0,0,1,-0.0023303,0.0026247,0
0.032,0.7478,-0.66393,0,0.66393,0.7478,0,0,0,1,-0.0023268,0.0026393,0
0.031,0.75011,-0.66131,0,0.66131,0.75011,0,0,0,1,-0.0023349,0.0026484,0
0.035,0.75011,-0.66131,0,0.66131,0.75011,0,0,0,1,-0.0023368,0.0026599,0
0.032,0.75126,-0.66,0,0.66,0.75126,0,0,0,1,-0.0023385,0.0026713,0
0.031,0.75241,-0.65869,0,0.65869,0.75241,0,0,0,1,-0.0023337,0.0026846,0
0.031,0.75471,-0.65606,0,0.65606,0.75471,0,0,0,1,-0.002335,0.0026956,0
0.031,0.75585,-0.65474,0,0.65474,0.75585,0,0,0,1,-0.0023358,0.0027061,0
0.035,0.757,-0.65342,0,0.65342,0.757,0,0,0,1,-0.0023366,0.0027165,0
0.032,0.75813,-0.6521,0,0.6521,0.75813,0,0,0,1,-0.0023431,0.0027241,0
0.031,0.75813,-0.6521,0,0.6521,0.75813,0,0,0,1,-0.0023669,0.0027228,0
0.031,0.75471,-0.65606,0,0.65606,0.75471,0,0,0,1,-0.0023787,0.0027268,0
0.032,0.75356,-0.65738,0,0.65738,0.75356,0,0,0,1,-0.002378,0.0027356,0
0.035,0.75471,-0.65606,0,0.65606,0.75471,0,0,0,1,-0.0023777,0.0027449,0
0.031,0.75585,-0.65474,0,0.65474,0.75585,0,0,0,1,-0.0023831,0.0027511,0
0.032,0.75585,-0.65474,0,0.65474,0.75585,0,0,0,1,-0.0023821,0.0027597,0
0.91,0.757,-0.65342,0,0.65342,0.757,0,0,0,1,-0.0003498,0.00040668,0
0.902,0.75813,-0.6521,0,0.6521,0.75813,0,0,0,1,-0.000337,0.0003918,0
0.9,0.75813,-0.6521,0,0.6521,0.75813,0,0,0,1,-0.0003242,0.00037825,0
0.901,0.75927,-0.65077,0,0.65077,0.75927,0,0,0,1,-0.00031185,0.00036513,0
0.903,0.76041,-0.64945,0,0.64945,0.76041,0,0,0,1,-0.00029993,0.00035241,0
