0,1,-0,0,0,1,0,0,0,1,0,0,0
0.533,1,-0,0,0,1,0,0,0,1,0,0.0004923,0
0.031,1,-0,0,0,1,0,0,0,1,0,0.0024422,0
0.03,1,0.0017453,0,-0.0017453,1,0,0,0,1,5.6987e-06,0.0032651,0
0.036,0.99999,0.0034907,0,-0.0034907,0.99999,0,0,0,1,1.4214e-05,0.0040721,0
0.008,0.99999,0.0034907,0,-0.0034907,0.99999,0,0,0,1,1.7683e-05,0.0050658,0
0.034,0.99999,0.0034907,0,-0.0034907,0.99999,0,0,0,1,1.6059e-05,0.0046004,0
0.032,0.99999,0.0034907,0,-0.0034907,0.99999,0,0,0,1,2.0063e-05,0.0057475,0
0.035,0.99999,0.0034907,0,-0.0034907,0.99999,0,0,0,1,2.0771e-05,0.0059504,0
0.032,1,-0,0,0,1,0,0,0,1,0,0.0059196,0
0.032,1,-0.0017453,0,0.0017453,1,0,0,0,1,-1.0652e-05,0.0061029,0
0.901,0.99999,-0.005236,0,0.005236,0.99999,0,0,0,1,-3.0992e-05,0.005919,0
0.381,0.99999,-0.005236,0,0.005236,0.99999,0,0,0,1,-2.5678e-05,0.0049041,0
0.031,0.99999,-0.005236,0,0.005236,0.99999,0,0,0,1,-1.336e-05,0.0025516,0
0.035,0.99998,-0.0069813,0,0.0069813,0.99998,0,0,0,1,-2.0235e-05,0.0028985,0
0.031,0.99995,-0.010472,0,0.010472,0.99995,0,0,0,1,-3.3156e-05,0.0031661,0
0.032,0.9999,-0.013962,0,0.013962,0.9999,0,0,0,1,-4.4627e-05,0.003196,0
0.031,0.99985,-0.017452,0,0.017452,0.99985,0,0,0,1,-5.393e-05,0.0030896,0
0.032,0.99982,-0.019197,0,0.019197,0.99982,0,0,0,1,-5.9955e-05,0.0031225,0
0.035,0.99978,-0.020942,0,0.020942,0.99978,0,0,0,1,-6.479e-05,0.003093,0
0.032,0.9997,-0.024432,0,0.024432,0.9997,0,0,0,1,-7.6068e-05,0.0031125,0
0.031,0.99966,-0.026177,0,0.026177,0.99966,0,0,0,1,-8.3116e-05,0.0031741,0
0.031,0.99961,-0.027922,0,0.027922,0.99961,0,0,0,1,-8.5896e-05,0.0030751,0
0.036,0.99951,-0.031411,0,0.031411,0.99951,0,0,0,1,-9.6276e-05,0.0030635,0
0.031,0.99939,-0.034899,0,0.034899,0.99939,0,0,0,1,-0.00010847,0.0031061,0
0.032,0.99926,-0.038388,0,0.038388,0.99926,0,0,0,1,-0.00012178,0.00317,0
0.031,0.99912,-0.041876,0,0.041876,0.99912,0,0,0,1,-0.0001293,0.0030849,0
0.036,0.99897,-0.045363,0,0.045363,0.99897,0,0,0,1,-0.00014163,0.0031189,0
0.031,0.99889,-0.047106,0,0.047106,0.99889,0,0,0,1,-0.00014512,0.0030772,0
0.032,0.99881,-0.04885,0,0.04885,0.99881,0,0,0,1,-0.00015471,0.0031634,0
0.031,0.99863,-0.052336,0,0.052336,0.99863,0,0,0,1,-0.00016142,0.0030802,0
0.031,0.99854,-0.054079,0,0.054079,0.99854,0,0,0,1,-0.000166,0.003065,0
0.036,0.99834,-0.057564,0,0.057564,0.99834,0,0,0,1,-0.00017691,0.0030682,0
0.031,0.99824,-0.059306,0,0.059306,0.99824,0,0,0,1,-0.00018311,0.0030821,0
0.031,0.99813,-0.061049,0,0.061049,0.99813,0,0,0,1,-0.00019056,0.0031157,0
0.032,0.99803,-0.062791,0,0.062791,0.99803,0,0,0,1,-0.00019184,0.0030492,0
0.035,0.99792,-0.064532,0,0.064532,0.99792,0,0,0,1,-0.0001961,0.0030324,0
0.032,0.9978,-0.066274,0,0.066274,0.9978,0,0,0,1,-0.00020402,0.0030717,0
0.031,0.99756,-0.069756,0,0.069756,0.99756,0,0,0,1,-0.00022088,0.0031587,0
0.032,0.99731,-0.073238,0,0.073238,0.99731,0,0,0,1,-0.00022403,0.0030507,0
0.035,0.99692,-0.078459,0,0.078459,0.99692,0,0,0,1,-0.00024556,0.0031201,0
0.031,0.99678,-0.080199,0,0.080199,0.99678,0,0,0,1,-0.00024444,0.0030381,0
0.032,0.99649,-0.083678,0,0.083678,0.99649,0,0,0,1,-0.00026649,0.0031736,0
0.913,0.99572,-0.092371,0,0.092371,0.99572,0,0,0,1,-0.0002884,0.0031088,0
0.909,0.99572,-0.092371,0,0.092371,0.99572,0,0,0,1,-0.00023439,0.0025266,0
0.903,0.99572,-0.092371,0,0.092371,0.99572,0,0,0,1,-9.3544e-05,0.0010084,0
0.901,0.99588,-0.090633,0,0.090633,0.99588,0,0,0,1,-5.6239e-05,0.00061797,0
0.902,0.99588,-0.090633,0,0.090633,0.99588,0,0,0,1,-3.5187e-05,0.00038664,0
0.919,0.99588,-0.090633,0,0.090633,0.99588,0,0,0,1,-2.2015e-05,0.00024191,0
0.902,0.99588,-0.090633,0,0.090633,0.99588,0,0,0,1,-1.2641e-05,0.00013891,0
0.92,0.99588,-0.090633,0,0.090633,0.99588,0,0,0,1,-9.0421e-06,9.9356e-05,0
0.114,0.99588,-0.090633,0,0.090633,0.99588,0,0,0,1,-5.6573e-06,6.2163e-05,0
0.035,0.99588,-0.090633,0,0.090633,0.99588,0,0,0,1,-7.3104e-05,0.00080328,0
0.032,0.99572,-0.092371,0,0.092371,0.99572,0,0,0,1,-0.0001669,0.0017991,0
0.032,0.9954,-0.095846,0,0.095846,0.9954,0,0,0,1,-0.00023801,0.0024718,0
0.035,0.99488,-0.10106,0,0.10106,0.99488,0,0,0,1,-0.00027862,0.002743,0
0.031,0.99452,-0.10453,0,0.10453,0.99452,0,0,0,1,-0.00030081,0.0028621,0
0.032,0.99434,-0.10626,0,0.10626,0.99434,0,0,0,1,-0.00031909,0.0029858,0
0.031,0.99415,-0.108,0,0.108,0.99415,0,0,0,1,-0.00032194,0.0029635,0
0.031,0.99377,-0.11147,0,0.11147,0.99377,0,0,0,1,-0.0003364,0.0029991,0
0.036,0.99317,-0.11667,0,0.11667,0.99317,0,0,0,1,-0.00035924,0.0030581,0
0.031,0.99297,-0.1184,0,0.1184,0.99297,0,0,0,1,-0.00036305,0.0030446,0
0.032,0.99255,-0.12187,0,0.12187,0.99255,0,0,0,1,-0.00038495,0.0031352,0
0.031,0.99233,-0.1236,0,0.1236,0.99233,0,0,0,1,-0.00038051,0.0030549,0
0.036,0.99189,-0.12706,0,0.12706,0.99189,0,0,0,1,-0.00039281,0.0030664,0
0.031,0.99144,-0.13053,0,0.13053,0.99144,0,0,0,1,-0.00040457,0.003073,0
0.032,0.99122,-0.13226,0,0.13226,0.99122,0,0,0,1,-0.00042209,0.0031634,0
0.031,0.99098,-0.13399,0,0.13399,0.99098,0,0,0,1,-0.00040685,0.0030091,0
0.035,0.99051,-0.13744,0,0.13744,0.99051,0,0,0,1,-0.00041957,0.0030237,0
0.032,0.99002,-0.1409,0,0.1409,0.99002,0,0,0,1,-0.00043507,0.0030569,0
0.031,0.98978,-0.14263,0,0.14263,0.98978,0,0,0,1,-0.00045236,0.0031392,0
0.032,0.98953,-0.14436,0,0.14436,0.98953,0,0,0,1,-0.00044196,0.0030295,0
0.035,0.98902,-0.14781,0,0.14781,0.98902,0,0,0,1,-0.00045353,0.0030346,0
0.032,0.98849,-0.15126,0,0.15126,0.98849,0,0,0,1,-0.00046854,0.0030619,0
0.031,0.98823,-0.15299,0,0.15299,0.98823,0,0,0,1,-0.00048615,0.0031403,0
0.032,0.98769,-0.15643,0,0.15643,0.98769,0,0,0,1,-0.00049332,0.0031147,0
0.031,0.98741,-0.15816,0,0.15816,0.98741,0,0,0,1,-0.0004844,0.0030242,0
0.035,0.98714,-0.15988,0,0.15988,0.98714,0,0,0,1,-0.00048859,0.0030167,0
0.032,0.98657,-0.16333,0,0.16333,0.98657,0,0,0,1,-0.00050465,0.0030483,0
0.032,0.98629,-0.16505,0,0.16505,0.98629,0,0,0,1,-0.00051543,0.0030801,0
0.031,0.9857,-0.16849,0,0.16849,0.9857,0,0,0,1,-0.00051923,0.0030376,0
0.035,0.98541,-0.17021,0,0.17021,0.98541,0,0,0,1,-0.00052005,0.0030107,0
0.904,0.9845,-0.17537,0,0.17537,0.9845,0,0,0,1,-0.00053969,0.0030298,0
0.913,0.98481,-0.17365,0,0.17365,0.98481,0,0,0,1,-0.00044653,0.0025324,0
0.909,0.98481,-0.17365,0,0.17365,0.98481,0,0,0,1,-0.00016869,0.00095669,0
0.902,0.98481,-0.17365,0,0.17365,0.98481,0,0,0,1,-0.00010554,0.00059857,0
0.91,0.98481,-0.17365,0,0.17365,0.98481,0,0,0,1,-6.6035e-05,0.0003745,0
0.903,0.98481,-0.17365,0,0.17365,0.98481,0,0,0,1,-4.1316e-05,0.00023431,0
0.909,0.98511,-0.17193,0,0.17193,0.98511,0,0,0,1,-2.3343e-05,0.00013375,0
0.908,0.98511,-0.17193,0,0.17193,0.98511,0,0,0,1,-1.4605e-05,8.3681e-05,0
0.904,0.98511,-0.17193,0,0.17193,0.98511,0,0,0,1,-9.1376e-06,5.2356e-05,0
0.903,0.98541,-0.17021,0,0.17021,0.98541,0,0,0,1,-3.4309e-06,1.9863e-05,0
0.073,0.98541,-0.17021,0,0.17021,0.98541,0,0,0,1,-2.1466e-06,1.2427e-05,0
0.035,0.98541,-0.17021,0,0.17021,0.98541,0,0,0,1,-0.00013089,0.00075774,0
0.031,0.98511,-0.17193,0,0.17193,0.98511,0,0,0,1,-0.00030335,0.0017381,0
0.032,0.98481,-0.17365,0,0.17365,0.98481,0,0,0,1,-0.00042755,0.0024248,0
0.031,0.9842,-0.17708,0,0.17708,0.9842,0,0,0,1,-0.00048023,0.002669,0
0.036,0.98389,-0.1788,0,0.1788,0.98389,0,0,0,1,-0.00051271,0.0028213,0
0.031,0.98357,-0.18052,0,0.18052,0.98357,0,0,0,1,-0.00052619,0.002867,0
0.032,0.98325,-0.18224,0,0.18224,0.98325,0,0,0,1,-0.00055482,0.0029935,0
0.031,0.98294,-0.18395,0,0.18395,0.98294,0,0,0,1,-0.00055197,0.0029494,0
0.035,0.98261,-0.18567,0,0.18567,0.98261,0,0,0,1,-0.00054738,0.0028969,0
0.032,0.98196,-0.1891,0,0.1891,0.98196,0,0,0,1,-0.00057739,0.0029984,0
0.032,0.98129,-0.19252,0,0.19252,0.98129,0,0,0,1,-0.00060053,0.0030609,0
0.031,0.98061,-0.19595,0,0.19595,0.98061,0,0,0,1,-0.0005997,0.0030012,0
0.035,0.98027,-0.19766,0,0.19766,0.98027,0,0,0,1,-0.00060496,0.0030003,0
0.032,0.97992,-0.19937,0,0.19937,0.97992,0,0,0,1,-0.00060523,0.0029748,0
0.031,0.97958,-0.20108,0,0.20108,0.97958,0,0,0,1,-0.00062739,0.0030564,0
0.032,0.97922,-0.20279,0,0.20279,0.97922,0,0,0,1,-0.00061301,0.0029601,0
0.035,0.97887,-0.2045,0,0.2045,0.97887,0,0,0,1,-0.00062364,0.0029852,0
0.032,0.97815,-0.20791,0,0.20791,0.97815,0,0,0,1,-0.00064025,0.0030121,0
0.031,0.97778,-0.20962,0,0.20962,0.97778,0,0,0,1,-0.00065714,0.0030653,0
0.032,0.97742,-0.21132,0,0.21132,0.97742,0,0,0,1,-0.00064078,0.0029637,0
0.031,0.97705,-0.21303,0,0.21303,0.97705,0,0,0,1,-0.00064824,0.0029731,0
0.035,0.97667,-0.21474,0,0.21474,0.97667,0,0,0,1,-0.00065218,0.0029663,0
0.032,0.9763,-0.21644,0,0.21644,0.9763,0,0,0,1,-0.00066739,0.0030104,0
0.031,0.97592,-0.21814,0,0.21814,0.97592,0,0,0,1,-0.00067897,0.0030376,0
0.032,0.97553,-0.21985,0,0.21985,0.97553,0,0,0,1,-0.00066628,0.0029565,0
0.035,0.97476,-0.22325,0,0.22325,0.97476,0,0,0,1,-0.00068204,0.002978,0
0.032,0.97437,-0.22495,0,0.22495,0.97437,0,0,0,1,-0.00068492,0.0029667,0
0.031,0.97398,-0.22665,0,0.22665,0.97398,0,0,0,1,-0.00070279,0.0030201,0
0.032,0.97358,-0.22835,0,0.22835,0.97358,0,0,0,1,-0.00069038,0.0029434,0
0.035,0.97318,-0.23005,0,0.23005,0.97318,0,0,0,1,-0.0007045,0.0029802,0
0.903,0.97196,-0.23514,0,0.23514,0.97196,0,0,0,1,-0.00072318,0.0029893,0
0.903,0.97237,-0.23345,0,0.23345,0.97237,0,0,0,1,-0.00058833,0.0024506,0
0.242,0.97237,-0.23345,0,0.23345,0.97237,0,0,0,1,-0.00023389,0.00097421,0
0.035,0.97196,-0.23514,0,0.23514,0.97196,0,0,0,1,-0.00033096,0.001368,0
0.031,0.97155,-0.23684,0,0.23684,0.97155,0,0,0,1,-0.00052289,0.002145,0
0.032,0.97072,-0.24023,0,0.24023,0.97072,0,0,0,1,-0.00066282,0.0026783,0
0.031,0.9703,-0.24192,0,0.24192,0.9703,0,0,0,1,-0.00068428,0.0027445,0
0.031,0.96945,-0.24531,0,0.24531,0.96945,0,0,0,1,-0.00071998,0.0028453,0
0.036,0.96858,-0.24869,0,0.24869,0.96858,0,0,0,1,-0.00075269,0.0029315,0
0.031,0.96771,-0.25207,0,0.25207,0.96771,0,0,0,1,-0.00075532,0.0028997,0
0.032,0.96727,-0.25376,0,0.25376,0.96727,0,0,0,1,-0.00079667,0.0030367,0
0.031,0.96638,-0.25713,0,0.25713,0.96638,0,0,0,1,-0.00079186,0.002976,0
0.035,0.96593,-0.25882,0,0.25882,0.96593,0,0,0,1,-0.00079367,0.002962,0
0.032,0.96502,-0.26219,0,0.26219,0.96502,0,0,0,1,-0.00080529,0.002964,0
0.031,0.96456,-0.26387,0,0.26387,0.96456,0,0,0,1,-0.00082761,0.0030252,0
0.032,0.96363,-0.26724,0,0.26724,0.96363,0,0,0,1,-0.00082914,0.0029898,0
0.035,0.96269,-0.2706,0,0.2706,0.96269,0,0,0,1,-0.00083386,0.0029666,0
0.032,0.96174,-0.27396,0,0.27396,0.96174,0,0,0,1,-0.00084059,0.0029509,0
0.031,0.96126,-0.27564,0,0.27564,0.96126,0,0,0,1,-0.00086741,0.003025,0
0.032,0.96029,-0.27899,0,0.27899,0.96029,0,0,0,1,-0.00086396,0.0029738,0
0.031,0.95981,-0.28067,0,0.28067,0.95981,0,0,0,1,-0.00086719,0.0029655,0
0.035,0.95882,-0.28402,0,0.28402,0.95882,0,0,0,1,-0.00088001,0.0029709,0
0.032,0.95832,-0.28569,0,0.28569,0.95832,0,0,0,1,-0.00087587,0.002938,0
0.031,0.95732,-0.28903,0,0.28903,0.95732,0,0,0,1,-0.00091651,0.0030356,0
0.032,0.9563,-0.29237,0,0.29237,0.9563,0,0,0,1,-0.00089518,0.002928,0
0.035,0.95579,-0.29404,0,0.29404,0.95579,0,0,0,1,-0.0009131,0.0029681,0
0.032,0.95476,-0.29737,0,0.29737,0.95476,0,0,0,1,-0.00092059,0.0029557,0
0.031,0.95372,-0.30071,0,0.30071,0.95372,0,0,0,1,-0.00094412,0.0029944,0
0.032,0.95266,-0.30403,0,0.30403,0.95266,0,0,0,1,-0.00094013,0.0029458,0
0.035,0.95213,-0.3057,0,0.3057,0.95213,0,0,0,1,-0.00094747,0.002951,0
0.032,0.95106,-0.30902,0,0.30902,0.95106,0,0,0,1,-0.00095548,0.0029407,0
0.031,0.95052,-0.31068,0,0.31068,0.95052,0,0,0,1,-0.00098228,0.0030053,0
0.032,0.94943,-0.31399,0,0.31399,0.94943,0,0,0,1,-0.00095564,0.0028896,0
0.909,0.94721,-0.32061,0,0.32061,0.94721,0,0,0,1,-0.00099253,0.0029323,0
0.901,0.94777,-0.31896,0,0.31896,0.94777,0,0,0,1,-0.00078395,0.0023295,0
0.911,0.94777,-0.31896,0,0.31896,0.94777,0,0,0,1,-0.00033104,0.00098365,0
0.921,0.94832,-0.3173,0,0.3173,0.94832,0,0,0,1,-0.00020189,0.00060338,0
0.911,0.94832,-0.3173,0,0.3173,0.94832,0,0,0,1,-0.00012631,0.00037751,0
0.914,0.94888,-0.31565,0,0.31565,0.94888,0,0,0,1,-7.4484e-05,0.00022391,0
0.909,0.94888,-0.31565,0,0.31565,0.94888,0,0,0,1,-4.6602e-05,0.00014009,0
0.901,0.94943,-0.31399,0,0.31399,0.94943,0,0,0,1,-2.4892e-05,7.5268e-05,0
0.901,0.94997,-0.31233,0,0.31233,0.94997,0,0,0,1,-7.4983e-06,2.2806e-05,0
0.902,0.94997,-0.31233,0,0.31233,0.94997,0,0,0,1,-8.595e-06,2.6142e-05,0
0.201,0.94997,-0.31233,0,0.31233,0.94997,0,0,0,1,-5.3776e-06,1.6356e-05,0
0.031,0.94997,-0.31233,0,0.31233,0.94997,0,0,0,1,-0.00024309,0.00073938,0
0.036,0.94943,-0.31399,0,0.31399,0.94943,0,0,0,1,-0.00055393,0.0016749,0
0.031,0.94832,-0.3173,0,0.3173,0.94832,0,0,0,1,-0.00077154,0.0023059,0
0.032,0.94721,-0.32061,0,0.32061,0.94721,0,0,0,1,-0.00090545,0.002675,0
0.031,0.94665,-0.32227,0,0.32227,0.94665,0,0,0,1,-0.00091255,0.0026806,0
0.036,0.94552,-0.32557,0,0.32557,0.94552,0,0,0,1,-0.00095212,0.0027652,0
0.031,0.94438,-0.32887,0,0.32887,0.94438,0,0,0,1,-0.0009932,0.0028521,0
0.032,0.94322,-0.33216,0,0.33216,0.94322,0,0,0,1,-0.0010313,0.0029286,0
0.031,0.94264,-0.33381,0,0.33381,0.94264,0,0,0,1,-0.0010122,0.0028584,0
0.035,0.94206,-0.33545,0,0.33545,0.94206,0,0,0,1,-0.0010229,0.0028727,0
0.032,0.94088,-0.33874,0,0.33874,0.94088,0,0,0,1,-0.001041,0.0028915,0
0.031,0.93969,-0.34202,0,0.34202,0.93969,0,0,0,1,-0.0010904,0.0029958,0
0.031,0.93909,-0.34366,0,0.34366,0.93909,0,0,0,1,-0.0010643,0.0029083,0
0.032,0.93909,-0.34366,0,0.34366,0.93909,0,0,0,1,-0.0010402,0.0028424,0
0.035,0.93789,-0.34694,0,0.34694,0.93789,0,0,0,1,-0.0010656,0.0028808,0
0.031,0.93667,-0.35021,0,0.35021,0.93667,0,0,0,1,-0.0010767,0.0028799,0
0.032,0.93606,-0.35184,0,0.35184,0.93606,0,0,0,1,-0.0010998,0.002926,0
0.031,0.93544,-0.35347,0,0.35347,0.93544,0,0,0,1,-0.0010765,0.0028489,0
0.035,0.93358,-0.35837,0,0.35837,0.93358,0,0,0,1,-0.0011096,0.0028907,0
0.032,0.93232,-0.36162,0,0.36162,0.93232,0,0,0,1,-0.001122,0.0028926,0
0.032,0.93106,-0.36488,0,0.36488,0.93106,0,0,0,1,-0.0011608,0.0029621,0
0.031,0.93042,-0.3665,0,0.3665,0.93042,0,0,0,1,-0.0011289,0.0028659,0
0.032,0.92978,-0.36812,0,0.36812,0.92978,0,0,0,1,-0.0011244,0.0028399,0
0.035,0.92849,-0.37137,0,0.37137,0.92849,0,0,0,1,-0.0011564,0.0028912,0
0.031,0.92784,-0.37299,0,0.37299,0.92784,0,0,0,1,-0.0011518,0.0028651,0
0.032,0.92653,-0.37622,0,0.37622,0.92653,0,0,0,1,-0.0011935,0.0029392,0
0.031,0.92521,-0.37946,0,0.37946,0.92521,0,0,0,1,-0.0011621,0.0028336,0
0.067,0.92254,-0.38591,0,0.38591,0.92254,0,0,0,1,-0.0011993,0.002867,0
0.031,0.92119,-0.38912,0,0.38912,0.92119,0,0,0,1,-0.0012392,0.0029337,0
0.913,0.91775,-0.39715,0,0.39715,0.91775,0,0,0,1,-0.00124,0.0028654,0
0.919,0.91845,-0.39555,0,0.39555,0.91845,0,0,0,1,-0.00098861,0.0022955,0
0.92,0.91845,-0.39555,0,0.39555,0.91845,0,0,0,1,-0.00041091,0.00095412,0
0.915,0.91914,-0.39394,0,0.39394,0.91914,0,0,0,1,-0.00025089,0.00058537,0
0.909,0.91914,-0.39394,0,0.39394,0.91914,0,0,0,1,-0.00015697,0.00036625,0
0.902,0.91982,-0.39234,0,0.39234,0.91982,0,0,0,1,-9.2675e-05,0.00021727,0
0.621,0.91982,-0.39234,0,0.39234,0.91982,0,0,0,1,-5.7984e-05,0.00013594,0
0.032,0.91982,-0.39234,0,0.39234,0.91982,0,0,0,1,-0.00033234,0.00077916,0
0.035,0.91914,-0.39394,0,0.39394,0.91914,0,0,0,1,-0.0007167,0.0016722,0
0.032,0.91775,-0.39715,0,0.39715,0.91775,0,0,0,1,-0.00097428,0.0022514,0
0.031,0.91706,-0.39875,0,0.39875,0.91706,0,0,0,1,-0.0011062,0.0025441,0
0.032,0.91566,-0.40195,0,0.40195,0.91566,0,0,0,1,-0.0011358,0.0025874,0
0.035,0.91425,-0.40514,0,0.40514,0.91425,0,0,0,1,-0.001173,0.0026471,0
0.031,0.91355,-0.40674,0,0.40674,0.91355,0,0,0,1,-0.0012002,0.0026958,0
0.032,0.91355,-0.40674,0,0.40674,0.91355,0,0,0,1,-0.0012395,0.002784,0
0.031,0.91283,-0.40833,0,0.40833,0.91283,0,0,0,1,-0.0012183,0.0027235,0
0.036,0.91212,-0.40992,0,0.40992,0.91212,0,0,0,1,-0.0012271,0.0027305,0
0.031,0.91212,-0.40992,0,0.40992,0.91212,0,0,0,1,-0.0012346,0.0027471,0
0.032,0.91212,-0.40992,0,0.40992,0.91212,0,0,0,1,-0.0012648,0.0028144,0
0.031,0.9114,-0.41151,0,0.41151,0.9114,0,0,0,1,-0.0012324,0.0027296,0
0.036,0.90996,-0.41469,0,0.41469,0.90996,0,0,0,1,-0.0012446,0.002731,0
0.031,0.90924,-0.41628,0,0.41628,0.90924,0,0,0,1,-0.0012664,0.002766,0
0.032,0.90924,-0.41628,0,0.41628,0.90924,0,0,0,1,-0.001282,0.0028001,0
0.031,0.90851,-0.41787,0,0.41787,0.90851,0,0,0,1,-0.0012603,0.0027402,0
0.031,0.90778,-0.41945,0,0.41945,0.90778,0,0,0,1,-0.0012642,0.002736,0
0.036,0.90631,-0.42262,0,0.42262,0.90631,0,0,0,1,-0.0012893,0.0027648,0
0.031,0.90631,-0.42262,0,0.42262,0.90631,0,0,0,1,-0.0012826,0.0027506,0
0.032,0.90557,-0.4242,0,0.4242,0.90557,0,0,0,1,-0.0013206,0.0028192,0
0.031,0.90408,-0.42736,0,0.42736,0.90408,0,0,0,1,-0.0012929,0.0027351,0
0.035,0.90334,-0.42894,0,0.42894,0.90334,0,0,0,1,-0.0013006,0.0027391,0
0.032,0.90259,-0.43051,0,0.43051,0.90259,0,0,0,1,-0.0013126,0.0027519,0
0.031,0.90183,-0.43209,0,0.43209,0.90183,0,0,0,1,-0.0013436,0.0028042,0
0.032,0.90108,-0.43366,0,0.43366,0.90108,0,0,0,1,-0.0013161,0.0027346,0
0.035,0.90032,-0.43523,0,0.43523,0.90032,0,0,0,1,-0.0013169,0.002724,0
0.032,0.89956,-0.4368,0,0.4368,0.89956,0,0,0,1,-0.0013246,0.0027278,0
0.031,0.89879,-0.43837,0,0.43837,0.89879,0,0,0,1,-0.0013531,0.0027742,0
0.032,0.89803,-0.43994,0,0.43994,0.89803,0,0,0,1,-0.0013289,0.0027125,0
0.919,0.89649,-0.44307,0,0.44307,0.89649,0,0,0,1,-0.0013424,0.0027162,0
0.901,0.89649,-0.44307,0,0.44307,0.89649,0,0,0,1,-0.0010876,0.0022006,0
0.902,0.89726,-0.44151,0,0.44151,0.89726,0,0,0,1,-0.00044055,0.00089531,0
0.913,0.89803,-0.43994,0,0.43994,0.89803,0,0,0,1,-0.0002689,0.00054889,0
0.919,0.89803,-0.43994,0,0.43994,0.89803,0,0,0,1,-0.00016824,0.00034342,0
0.902,0.89879,-0.43837,0,0.43837,0.89879,0,0,0,1,-9.9146e-05,0.00020328,0
0.91,0.89956,-0.4368,0,0.4368,0.89956,0,0,0,1,-5.609e-05,0.00011551,0
0.91,0.90032,-0.43523,0,0.43523,0.90032,0,0,0,1,-2.9268e-05,6.0543e-05,0
0.903,0.90032,-0.43523,0,0.43523,0.90032,0,0,0,1,-1.8312e-05,3.788e-05,0
0.902,0.90108,-0.43366,0,0.43366,0.90108,0,0,0,1,-5.7366e-06,1.192e-05,0
0.121,0.90108,-0.43366,0,0.43366,0.90108,0,0,0,1,-3.5892e-06,7.4578e-06,0
0.035,0.90108,-0.43366,0,0.43366,0.90108,0,0,0,1,-0.0003351,0.00069628,0
0.032,0.89956,-0.4368,0,0.4368,0.89956,0,0,0,1,-0.0007857,0.0016181,0
0.032,0.89803,-0.43994,0,0.43994,0.89803,0,0,0,1,-0.0011013,0.0022479,0
0.031,0.89726,-0.44151,0,0.44151,0.89726,0,0,0,1,-0.0011891,0.0024167,0
0.035,0.89571,-0.44464,0,0.44464,0.89571,0,0,0,1,-0.0012674,0.0025532,0
0.032,0.89415,-0.44776,0,0.44776,0.89415,0,0,0,1,-0.0013203,0.0026366,0
0.031,0.89259,-0.45088,0,0.45088,0.89259,0,0,0,1,-0.0013798,0.0027315,0
0.032,0.89101,-0.45399,0,0.45399,0.89101,0,0,0,1,-0.0013699,0.0026886,0
0.031,0.88942,-0.4571,0,0.4571,0.88942,0,0,0,1,-0.0014128,0.002749,0
0.036,0.88701,-0.46175,0,0.46175,0.88701,0,0,0,1,-0.0014313,0.0027494,0
0.031,0.88458,-0.46639,0,0.46639,0.88458,0,0,0,1,-0.0014483,0.0027469,0
0.032,0.88295,-0.46947,0,0.46947,0.88295,0,0,0,1,-0.0014827,0.0027885,0
0.031,0.88213,-0.47101,0,0.47101,0.88213,0,0,0,1,-0.0014557,0.0027264,0
0.036,0.87965,-0.47562,0,0.47562,0.87965,0,0,0,1,-0.0014743,0.0027266,0
0.031,0.87715,-0.48022,0,0.48022,0.87715,0,0,0,1,-0.0015032,0.0027457,0
0.032,0.87631,-0.48175,0,0.48175,0.87631,0,0,0,1,-0.0015468,0.0028135,0
0.032,0.87462,-0.48481,0,0.48481,0.87462,0,0,0,1,-0.0015085,0.0027215,0
0.035,0.87207,-0.48938,0,0.48938,0.87207,0,0,0,1,-0.0015172,0.0027036,0
0.031,0.87036,-0.49242,0,0.49242,0.87036,0,0,0,1,-0.0015413,0.0027242,0
0.032,0.86949,-0.49394,0,0.49394,0.86949,0,0,0,1,-0.0015488,0.0027263,0
0.031,0.86863,-0.49546,0,0.49546,0.86863,0,0,0,1,-0.0015057,0.0026398,0
0.036,0.8669,-0.49849,0,0.49849,0.8669,0,0,0,1,-0.0015225,0.0026477,0
0.031,0.86515,-0.50151,0,0.50151,0.86515,0,0,0,1,-0.0015553,0.002683,0
0.032,0.8634,-0.50453,0,0.50453,0.8634,0,0,0,1,-0.0015921,0.0027246,0
0.031,0.86251,-0.50603,0,0.50603,0.86251,0,0,0,1,-0.0015632,0.0026644,0
0.035,0.86074,-0.50904,0,0.50904,0.86074,0,0,0,1,-0.0015643,0.0026451,0
0.032,0.85806,-0.51354,0,0.51354,0.85806,0,0,0,1,-0.0015925,0.0026609,0
0.032,0.85536,-0.51803,0,0.51803,0.85536,0,0,0,1,-0.0016414,0.0027103,0
0.031,0.85446,-0.51952,0,0.51952,0.85446,0,0,0,1,-0.0016285,0.0026785,0
0.031,0.85264,-0.5225,0,0.5225,0.85264,0,0,0,1,-0.001601,0.0026126,0
0.909,0.84897,-0.52844,0,0.52844,0.84897,0,0,0,1,-0.0016625,0.0026709,0
0.921,0.84989,-0.52696,0,0.52696,0.84989,0,0,0,1,-0.0012986,0.0020944,0
0.901,0.84989,-0.52696,0,0.52696,0.84989,0,0,0,1,-0.00054906,0.00088554,0
0.901,0.84989,-0.52696,0,0.52696,0.84989,0,0,0,1,-0.00034353,0.00055405,0
0.912,0.85081,-0.52547,0,0.52547,0.85081,0,0,0,1,-0.00020745,0.00033588,0
0.901,0.85081,-0.52547,0,0.52547,0.85081,0,0,0,1,-0.00012979,0.00021015,0
0.903,0.85173,-0.52399,0,0.52399,0.85173,0,0,0,1,-7.4114e-05,0.00012047,0
0.91,0.85173,-0.52399,0,0.52399,0.85173,0,0,0,1,-4.6371e-05,7.5375e-05,0
0.91,0.85264,-0.5225,0,0.5225,0.85264,0,0,0,1,-2.2088e-05,3.6044e-05,0
0.913,0.85264,-0.5225,0,0.5225,0.85264,0,0,0,1,-1.382e-05,2.2552e-05,0
0.172,0.85264,-0.5225,0,0.5225,0.85264,0,0,0,1,-8.6464e-06,1.411e-05,0
0.035,0.85264,-0.5225,0,0.5225,0.85264,0,0,0,1,-0.00040307,0.00065775,0
0.032,0.85081,-0.52547,0,0.52547,0.85081,0,0,0,1,-0.00094139,0.0015242,0
0.031,0.84989,-0.52696,0,0.52696,0.84989,0,0,0,1,-0.0012998,0.0020964,0
0.031,0.84805,-0.52992,0,0.52992,0.84805,0,0,0,1,-0.0014386,0.0023022,0
0.036,0.84619,-0.53288,0,0.53288,0.84619,0,0,0,1,-0.001516,0.0024073,0
0.031,0.84526,-0.53435,0,0.53435,0.84526,0,0,0,1,-0.0015634,0.002473,0
0.032,0.84339,-0.5373,0,0.5373,0.84339,0,0,0,1,-0.0016398,0.0025739,0
0.031,0.84151,-0.54024,0,0.54024,0.84151,0,0,0,1,-0.0016306,0.00254,0
0.035,0.84057,-0.54171,0,0.54171,0.84057,0,0,0,1,-0.0016437,0.0025505,0
0.032,0.83772,-0.5461,0,0.5461,0.83772,0,0,0,1,-0.0016699,0.0025617,0
0.031,0.83676,-0.54756,0,0.54756,0.83676,0,0,0,1,-0.0017024,0.0026015,0
0.032,0.83581,-0.54902,0,0.54902,0.83581,0,0,0,1,-0.0016627,0.0025312,0
0.035,0.83485,-0.55048,0,0.55048,0.83485,0,0,0,1,-0.0016807,0.0025489,0
0.032,0.83389,-0.55194,0,0.55194,0.83389,0,0,0,1,-0.0016936,0.0025588,0
0.031,0.83292,-0.55339,0,0.55339,0.83292,0,0,0,1,-0.0017172,0.0025847,0
0.063,0.83098,-0.5563,0,0.5563,0.83098,0,0,0,1,-0.0017039,0.0025452,0
0.035,0.83001,-0.55775,0,0.55775,0.83001,0,0,0,1,-0.0017079,0.0025416,0
0.032,0.82806,-0.56064,0,0.56064,0.82806,0,0,0,1,-0.0017378,0.0025668,0
0.031,0.82708,-0.56208,0,0.56208,0.82708,0,0,0,1,-0.0017693,0.0026034,0
0.032,0.8261,-0.56353,0,0.56353,0.8261,0,0,0,1,-0.0017062,0.0025012,0
0.035,0.82413,-0.56641,0,0.56641,0.82413,0,0,0,1,-0.0017293,0.0025162,0
0.032,0.82314,-0.56784,0,0.56784,0.82314,0,0,0,1,-0.0017496,0.0025361,0
0.031,0.82214,-0.56928,0,0.56928,0.82214,0,0,0,1,-0.0017781,0.0025679,0
0.031,0.82115,-0.57071,0,0.57071,0.82115,0,0,0,1,-0.0017336,0.0024943,0
0.036,0.81915,-0.57358,0,0.57358,0.81915,0,0,0,1,-0.0017548,0.0025061,0
0.031,0.81815,-0.57501,0,0.57501,0.81815,0,0,0,1,-0.0017451,0.002483,0
0.032,0.81714,-0.57643,0,0.57643,0.81714,0,0,0,1,-0.0018054,0.0025594,0
0.031,0.81614,-0.57786,0,0.57786,0.81614,0,0,0,1,-0.0017295,0.0024427,0
0.031,0.81513,-0.57928,0,0.57928,0.81513,0,0,0,1,-0.0017702,0.0024909,0
0.911,0.81208,-0.58354,0,0.58354,0.81208,0,0,0,1,-0.0017996,0.0025044,0
0.91,0.8131,-0.58212,0,0.58212,0.8131,0,0,0,1,-0.0014265,0.0019925,0
0.91,0.8131,-0.58212,0,0.58212,0.8131,0,0,0,1,-0.00058693,0.00081982,0
0.911,0.81412,-0.5807,0,0.5807,0.81412,0,0,0,1,-0.00035872,0.00050291,0
0.91,0.81412,-0.5807,0,0.5807,0.81412,0,0,0,1,-0.00022444,0.00031465,0
0.905,0.81513,-0.57928,0,0.57928,0.81513,0,0,0,1,-0.00013249,0.00018644,0
0.909,0.81614,-0.57786,0,0.57786,0.81614,0,0,0,1,-7.5126e-05,0.0001061,0
0.911,0.81614,-0.57786,0,0.57786,0.81614,0,0,0,1,-4.7004e-05,6.6386e-05,0
0.901,0.81714,-0.57643,0,0.57643,0.81714,0,0,0,1,-2.1787e-05,3.0886e-05,0
0.9,0.81815,-0.57501,0,0.57501,0.81815,0,0,0,1,-6.0678e-06,8.6336e-06,0
0.155,0.81815,-0.57501,0,0.57501,0.81815,0,0,0,1,-3.7964e-06,5.4018e-06,0
0.035,0.81815,-0.57501,0,0.57501,0.81815,0,0,0,1,-0.00044372,0.00063134,0
0.032,0.81513,-0.57928,0,0.57928,0.81513,0,0,0,1,-0.0010564,0.0014865,0
0.031,0.81412,-0.5807,0,0.5807,0.81412,0,0,0,1,-0.0014406,0.0020196,0
0.032,0.81208,-0.58354,0,0.58354,0.81208,0,0,0,1,-0.0015784,0.0021966,0
0.035,0.81106,-0.58496,0,0.58496,0.81106,0,0,0,1,-0.0016786,0.0023274,0
0.032,0.80902,-0.58779,0,0.58779,0.80902,0,0,0,1,-0.0017476,0.0024054,0
0.031,0.80696,-0.59061,0,0.59061,0.80696,0,0,0,1,-0.0017943,0.0024516,0
0.031,0.80489,-0.59342,0,0.59342,0.80489,0,0,0,1,-0.0017824,0.0024176,0
0.036,0.80282,-0.59622,0,0.59622,0.80282,0,0,0,1,-0.0018376,0.0024743,0
0.031,0.80178,-0.59763,0,0.59763,0.80178,0,0,0,1,-0.0018261,0.0024499,0
0.032,0.80073,-0.59902,0,0.59902,0.80073,0,0,0,1,-0.0018878,0.0025235,0
0.031,0.79864,-0.60182,0,0.60182,0.79864,0,0,0,1,-0.0018353,0.0024355,0
0.036,0.79653,-0.6046,0,0.6046,0.79653,0,0,0,1,-0.0018732,0.0024679,0
0.031,0.79547,-0.60599,0,0.60599,0.79547,0,0,0,1,-0.0018578,0.0024387,0
0.031,0.79441,-0.60738,0,0.60738,0.79441,0,0,0,1,-0.0019408,0.0025384,0
0.032,0.79335,-0.60876,0,0.60876,0.79335,0,0,0,1,-0.0018804,0.0024506,0
0.031,0.79122,-0.61153,0,0.61153,0.79122,0,0,0,1,-0.001841,0.0023819,0
0.036,0.79016,-0.61291,0,0.61291,0.79016,0,0,0,1,-0.0018836,0.0024283,0
0.031,0.79016,-0.61291,0,0.61291,0.79016,0,0,0,1,-0.0018537,0.0023898,0
0.031,0.78908,-0.61429,0,0.61429,0.78908,0,0,0,1,-0.0019316,0.0024813,0
0.032,0.78586,-0.61841,0,0.61841,0.78586,0,0,0,1,-0.0019067,0.002423,0
0.035,0.78478,-0.61978,0,0.61978,0.78478,0,0,0,1,-0.0019175,0.002428,0
0.032,0.78261,-0.62251,0,0.62251,0.78261,0,0,0,1,-0.0019304,0.0024269,0
0.031,0.78152,-0.62388,0,0.62388,0.78152,0,0,0,1,-0.0019449,0.0024363,0
0.032,0.77934,-0.6266,0,0.6266,0.77934,0,0,0,1,-0.001921,0.0023893,0
0.035,0.77715,-0.62932,0,0.62932,0.77715,0,0,0,1,-0.0019483,0.002406,0
0.031,0.77494,-0.63203,0,0.63203,0.77494,0,0,0,1,-0.0019529,0.0023945,0
0.032,0.77384,-0.63338,0,0.63338,0.77384,0,0,0,1,-0.0019938,0.002436,0
0.031,0.77162,-0.63608,0,0.63608,0.77162,0,0,0,1,-0.0018986,0.0023032,0
0.032,0.7694,-0.63877,0,0.63877,0.7694,0,0,0,1,-0.0020091,0.00242,0
0.92,0.76717,-0.64145,0,0.64145,0.76717,0,0,0,1,-0.0020018,0.0023941,0
0.919,0.76717,-0.64145,0,0.64145,0.76717,0,0,0,1,-0.0016191,0.0019364,0
0.901,0.76717,-0.64145,0,0.64145,0.76717,0,0,0,1,-0.00065223,0.00078006,0
0.904,0.76828,-0.64011,0,0.64011,0.76828,0,0,0,1,-0.00040684,0.00048831,0
0.901,0.76828,-0.64011,0,0.64011,0.76828,0,0,0,1,-0.00026255,0.00031512,0
0.902,0.7694,-0.63877,0,0.63877,0.7694,0,0,0,1,-0.00014757,0.00017775,0
1.829,0.77051,-0.63742,0,0.63742,0.77051,0,0,0,1,-8.3791e-05,0.00010129,0
0.904,0.77051,-0.63742,0,0.63742,0.77051,0,0,0,1,-5.2425e-05,6.3371e-05,0
0.919,0.77051,-0.63742,0,0.63742,0.77051,0,0,0,1,-3.28e-05,3.9649e-05,0
0.094,0.77162,-0.63608,0,0.63608,0.77162,0,0,0,1,-1.2149e-05,1.4738e-05,0
0.035,0.77051,-0.63742,0,0.63742,0.77051,0,0,0,1,-0.00050521,0.0006107,0
0.032,0.7694,-0.63877,0,0.63877,0.7694,0,0,0,1,-0.0011326,0.0013642,0
0.031,0.76717,-0.64145,0,0.64145,0.76717,0,0,0,1,-0.0016274,0.0019464,0
0.031,0.76492,-0.64412,0,0.64412,0.76492,0,0,0,1,-0.001757,0.0020865,0
0.036,0.76267,-0.64679,0,0.64679,0.76267,0,0,0,1,-0.0018414,0.0021713,0
0.031,0.76154,-0.64812,0,0.64812,0.76154,0,0,0,1,-0.0019174,0.002253,0
0.031,0.75927,-0.65077,0,0.65077,0.75927,0,0,0,1,-0.0019955,0.0023281,0
0.032,0.75813,-0.6521,0,0.6521,0.75813,0,0,0,1,-0.0019535,0.0022711,0
0.035,0.757,-0.65342,0,0.65342,0.757,0,0,0,1,-0.0019858,0.0023005,0
0.031,0.75471,-0.65606,0,0.65606,0.75471,0,0,0,1,-0.0019955,0.0022956,0
0.032,0.75241,-0.65869,0,0.65869,0.75241,0,0,0,1,-0.0020705,0.0023651,0
0.031,0.75126,-0.66,0,0.66,0.75126,0,0,0,1,-0.0020173,0.0022962,0
0.032,0.75011,-0.66131,0,0.66131,0.75011,0,0,0,1,-0.0020431,0.0023175,0
0.035,0.74664,-0.66523,0,0.66523,0.74664,0,0,0,1,-0.0020615,0.0023138,0
0.031,0.74431,-0.66783,0,0.66783,0.74431,0,0,0,1,-0.0020647,0.0023012,0
0.032,0.74314,-0.66913,0,0.66913,0.74314,0,0,0,1,-0.0021155,0.0023495,0
0.031,0.74198,-0.67043,0,0.67043,0.74198,0,0,0,1,-0.0020651,0.0022855,0
0.036,0.73963,-0.67301,0,0.67301,0.73963,0,0,0,1,-0.0020645,0.0022689,0
0.031,0.73846,-0.6743,0,0.6743,0.73846,0,0,0,1,-0.0020795,0.0022774,0
0.032,0.73728,-0.67559,0,0.67559,0.73728,0,0,0,1,-0.0021242,0.0023182,0
0.031,0.7361,-0.67688,0,0.67688,0.7361,0,0,0,1,-0.0020776,0.0022594,0
0.036,0.73254,-0.68072,0,0.68072,0.73254,0,0,0,1,-0.0020924,0.0022517,0
0.031,0.73016,-0.68327,0,0.68327,0.73016,0,0,0,1,-0.0021274,0.0022734,0
0.032,0.72897,-0.68455,0,0.68455,0.72897,0,0,0,1,-0.0021736,0.0023146,0
0.031,0.72657,-0.68709,0,0.68709,0.72657,0,0,0,1,-0.002097,0.0022175,0
0.035,0.72417,-0.68962,0,0.68962,0.72417,0,0,0,1,-0.0021204,0.0022267,0
0.032,0.72176,-0.69214,0,0.69214,0.72176,0,0,0,1,-0.0021381,0.0022296,0
0.031,0.71934,-0.69466,0,0.69466,0.71934,0,0,0,1,-0.0022129,0.0022915,0
0.032,0.71813,-0.69591,0,0.69591,0.71813,0,0,0,1,-0.002128,0.0021959,0
0.031,0.71691,-0.69717,0,0.69717,0.71691,0,0,0,1,-0.0021371,0.0021976,0
0.901,0.71203,-0.70215,0,0.70215,0.71203,0,0,0,1,-0.0021833,0.002214,0
1.82,0.71325,-0.70091,0,0.70091,0.71325,0,0,0,1,-0.0017813,0.0018126,0
0.912,0.71325,-0.70091,0,0.70091,0.71325,0,0,0,1,-0.00072904,0.00074188,0
0.913,0.71447,-0.69966,0,0.69966,0.71447,0,0,0,1,-0.00043742,0.00044668,0
0.918,0.71447,-0.69966,0,0.69966,0.71447,0,0,0,1,-0.00028242,0.0002884,0
0.912,0.71569,-0.69842,0,0.69842,0.71569,0,0,0,1,-0.00017597,0.00018032,0
0.903,0.71569,-0.69842,0,0.69842,0.71569,0,0,0,1,-9.264e-05,9.4932e-05,0
0.911,0.71691,-0.69717,0,0.69717,0.71691,0,0,0,1,-5.7441e-05,5.9068e-05,0
0.919,0.71691,-0.69717,0,0.69717,0.71691,0,0,0,1,-3.5939e-05,3.6957e-05,0
0.153,0.71691,-0.69717,0,0.69717,0.71691,0,0,0,1,-2.2486e-05,2.3123e-05,0
0.031,0.71691,-0.69717,0,0.69717,0.71691,0,0,0,1,-0.00053175,0.00054681,0
0.035,0.71569,-0.69842,0,0.69842,0.71569,0,0,0,1,-0.0012689,0.0013003,0
0.032,0.71325,-0.70091,0,0.70091,0.71325,0,0,0,1,-0.0017099,0.00174,0
0.031,0.71203,-0.70215,0,0.70215,0.71203,0,0,0,1,-0.0019597,0.0019873,0
0.031,0.7108,-0.70339,0,0.70339,0.7108,0,0,0,1,-0.0019684,0.0019892,0
0.036,0.70834,-0.70587,0,0.70587,0.70834,0,0,0,1,-0.0020497,0.0020568,0
0.031,0.70587,-0.70834,0,0.70834,0.70587,0,0,0,1,-0.0021212,0.0021138,0
0.031,0.70339,-0.7108,0,0.7108,0.70339,0,0,0,1,-0.0022045,0.0021815,0
0.032,0.70091,-0.71325,0,0.71325,0.70091,0,0,0,1,-0.0021795,0.0021418,0
0.031,0.69842,-0.71569,0,0.71569,0.69842,0,0,0,1,-0.0021934,0.0021404,0
0.035,0.69717,-0.71691,0,0.71691,0.69717,0,0,0,1,-0.0021917,0.0021314,0
0.032,0.69466,-0.71934,0,0.71934,0.69466,0,0,0,1,-0.0022501,0.0021729,0
0.032,0.69214,-0.72176,0,0.72176,0.69214,0,0,0,1,-0.0023078,0.0022131,0
0.031,0.68962,-0.72417,0,0.72417,0.68962,0,0,0,1,-0.0022473,0.0021401,0
0.035,0.68835,-0.72537,0,0.72537,0.68835,0,0,0,1,-0.002217,0.0021039,0
0.032,0.68582,-0.72777,0,0.72777,0.68582,0,0,0,1,-0.0022398,0.0021107,0
0.031,0.682,-0.73135,0,0.73135,0.682,0,0,0,1,-0.0023249,0.002168,0
0.032,0.68072,-0.73254,0,0.73254,0.68072,0,0,0,1,-0.0022553,0.0020957,0
0.035,0.67816,-0.73491,0,0.73491,0.67816,0,0,0,1,-0.0022536,0.0020796,0
0.031,0.67688,-0.7361,0,0.7361,0.67688,0,0,0,1,-0.0022696,0.002087,0
0.032,0.67559,-0.73728,0,0.73728,0.67559,0,0,0,1,-0.0023087,0.0021155,0
0.031,0.6743,-0.73846,0,0.73846,0.6743,0,0,0,1,-0.0022699,0.0020727,0
0.032,0.67301,-0.73963,0,0.73963,0.67301,0,0,0,1,-0.0022747,0.0020698,0
0.035,0.67172,-0.7408,0,0.7408,0.67172,0,0,0,1,-0.0022883,0.0020749,0
0.032,0.66913,-0.74314,0,0.74314,0.66913,0,0,0,1,-0.0022929,0.0020646,0
0.031,0.66783,-0.74431,0,0.74431,0.66783,0,0,0,1,-0.002341,0.0021004,0
0.031,0.66523,-0.74664,0,0.74664,0.66523,0,0,0,1,-0.0022926,0.0020427,0
0.036,0.66262,-0.74896,0,0.74896,0.66262,0,0,0,1,-0.0023304,0.0020617,0
0.031,0.66,-0.75126,0,0.75126,0.66,0,0,0,1,-0.002338,0.002054,0
0.032,0.65738,-0.75356,0,0.75356,0.65738,0,0,0,1,-0.0023831,0.0020789,0
0.91,0.6521,-0.75813,0,0.75813,0.6521,0,0,0,1,-0.0023465,0.0020183,0
