0,1,-0,0,0,1,0,0,0,1,0,0,0
0.293,1,-0,0,0,1,0,0,0,1,0,0,0
0.035,0.99999,0.0034907,0,-0.0034907,0.99999,0,0,0,1,8.9246e-06,0.0025567,0
0.032,1,0.0017453,0,-0.0017453,1,0,0,0,1,5.8105e-06,0.0033292,0
0.03,1,0.0017453,0,-0.0017453,1,0,0,0,1,7.4128e-06,0.0042472,0
0.032,1,0.0017453,0,-0.0017453,1,0,0,0,1,9.2116e-06,0.0052779,0
0.036,0.99999,0.0034907,0,-0.0034907,0.99999,0,0,0,1,1.8322e-05,0.0052488,0
0.032,1,0.0017453,0,-0.0017453,1,0,0,0,1,9.7304e-06,0.0055751,0
0.011,1,0.0017453,0,-0.0017453,1,0,0,0,1,1.0112e-05,0.0057936,0
0.029,1,0.0017453,0,-0.0017453,1,0,0,0,1,8.5665e-06,0.0049082,0
0.032,1,-0,0,0,1,0,0,0,1,0,0.00615,0
0.91,0.99999,0.005236,0,-0.005236,0.99999,0,0,0,1,3.083e-05,0.005888,0
0.902,0.99999,0.005236,0,-0.005236,0.99999,0,0,0,1,2.589e-05,0.0049446,0
0.908,0.99999,0.005236,0,-0.005236,0.99999,0,0,0,1,9.5987e-06,0.0018332,0
0.052,0.99999,0.005236,0,-0.005236,0.99999,0,0,0,1,6.009e-06,0.0011476,0
0.031,0.99999,0.005236,0,-0.005236,0.99999,0,0,0,1,7.7661e-06,0.0014832,0
0.035,0.99999,0.0034907,0,-0.0034907,0.99999,0,0,0,1,7.6381e-06,0.0021881,0
0.032,1,-0,0,0,1,0,0,0,1,0,0.0027299,0
0.031,1,-0.0017453,0,0.0017453,1,0,0,0,1,-5.0715e-06,0.0029058,0
0.031,0.99999,-0.005236,0,0.005236,0.99999,0,0,0,1,-1.5336e-05,0.0029289,0
0.036,0.99998,-0.0069813,0,0.0069813,0.99998,0,0,0,1,-2.0894e-05,0.0029928,0
0.031,0.99996,-0.0087265,0,0.0087265,0.99996,0,0,0,1,-2.6248e-05,0.0030077,0
0.032,0.99995,-0.010472,0,0.010472,0.99995,0,0,0,1,-3.225e-05,0.0030796,0
0.031,0.99993,-0.012217,0,0.012217,0.99993,0,0,0,1,-3.5884e-05,0.002937,0
0.031,0.9999,-0.013962,0,0.013962,0.9999,0,0,0,1,-4.2732e-05,0.0030603,0
0.036,0.99988,-0.015707,0,0.015707,0.99988,0,0,0,1,-4.8303e-05,0.0030748,0
0.031,0.99985,-0.017452,0,0.017452,0.99985,0,0,0,1,-5.3394e-05,0.0030589,0
0.032,0.99982,-0.019197,0,0.019197,0.99982,0,0,0,1,-6.0222e-05,0.0031364,0
0.031,0.99978,-0.020942,0,0.020942,0.99978,0,0,0,1,-6.4095e-05,0.0030599,0
0.035,0.9997,-0.024432,0,0.024432,0.9997,0,0,0,1,-7.5147e-05,0.0030748,0
0.032,0.99966,-0.026177,0,0.026177,0.99966,0,0,0,1,-8.0094e-05,0.0030587,0
0.031,0.99961,-0.027922,0,0.027922,0.99961,0,0,0,1,-8.6898e-05,0.003111,0
0.032,0.99956,-0.029666,0,0.029666,0.99956,0,0,0,1,-8.9964e-05,0.0030312,0
0.035,0.99956,-0.029666,0,0.029666,0.99956,0,0,0,1,-9.0694e-05,0.0030558,0
0.032,0.99945,-0.033155,0,0.033155,0.99945,0,0,0,1,-0.00010149,0.0030594,0
0.031,0.99933,-0.036644,0,0.036644,0.99933,0,0,0,1,-0.00011501,0.0031365,0
0.031,0.99926,-0.038388,0,0.038388,0.99926,0,0,0,1,-0.00011705,0.0030468,0
0.032,0.99919,-0.040132,0,0.040132,0.99919,0,0,0,1,-0.00012062,0.0030031,0
0.035,0.99905,-0.043619,0,0.043619,0.99905,0,0,0,1,-0.00013484,0.0030884,0
0.031,0.99897,-0.045363,0,0.045363,0.99897,0,0,0,1,-0.00014037,0.0030913,0
0.032,0.99889,-0.047106,0,0.047106,0.99889,0,0,0,1,-0.00014645,0.0031055,0
0.031,0.99872,-0.050593,0,0.050593,0.99872,0,0,0,1,-0.00015778,0.0031145,0
0.035,0.99863,-0.052336,0,0.052336,0.99863,0,0,0,1,-0.00015957,0.0030448,0
0.032,0.99844,-0.055822,0,0.055822,0.99844,0,0,0,1,-0.0001671,0.0029889,0
0.031,0.99824,-0.059306,0,0.059306,0.99824,0,0,0,1,-0.0001866,0.0031408,0
0.91,0.99824,-0.059306,0,0.059306,0.99824,0,0,0,1,-0.00018034,0.0030355,0
0.911,0.99824,-0.059306,0,0.059306,0.99824,0,0,0,1,-0.00014739,0.0024808,0
0.919,0.99824,-0.059306,0,0.059306,0.99824,0,0,0,1,-6.2567e-05,0.0010531,0
0.914,0.99834,-0.057564,0,0.057564,0.99834,0,0,0,1,-3.7245e-05,0.00064595,0
0.92,0.99834,-0.057564,0,0.057564,0.99834,0,0,0,1,-2.3303e-05,0.00040415,0
0.9,0.99834,-0.057564,0,0.057564,0.99834,0,0,0,1,-1.458e-05,0.00025286,0
0.911,0.99844,-0.055822,0,0.055822,0.99844,0,0,0,1,-8.1177e-06,0.0001452,0
0.92,0.99844,-0.055822,0,0.055822,0.99844,0,0,0,1,-5.079e-06,9.0844e-05,0
0.138,0.99844,-0.055822,0,0.055822,0.99844,0,0,0,1,-3.1777e-06,5.6838e-05,0
0.03,0.99844,-0.055822,0,0.055822,0.99844,0,0,0,1,-4.5027e-05,0.00080537,0
0.032,0.99824,-0.059306,0,0.059306,0.99824,0,0,0,1,-0.00010212,0.0017189,0
0.031,0.99803,-0.062791,0,0.062791,0.99803,0,0,0,1,-0.00015742,0.0025021,0
0.036,0.99768,-0.068015,0,0.068015,0.99768,0,0,0,1,-0.00018782,0.002755,0
0.031,0.99756,-0.069756,0,0.069756,0.99756,0,0,0,1,-0.00020103,0.0028749,0
0.032,0.99731,-0.073238,0,0.073238,0.99731,0,0,0,1,-0.00022121,0.0030123,0
0.031,0.99719,-0.074979,0,0.074979,0.99719,0,0,0,1,-0.00022542,0.002998,0
0.035,0.99692,-0.078459,0,0.078459,0.99692,0,0,0,1,-0.00023917,0.0030389,0
0.032,0.99664,-0.081939,0,0.081939,0.99664,0,0,0,1,-0.00025192,0.0030642,0
0.031,0.99649,-0.083678,0,0.083678,0.99649,0,0,0,1,-0.00026173,0.0031168,0
0.032,0.99619,-0.087156,0,0.087156,0.99619,0,0,0,1,-0.00026685,0.0030501,0
0.031,0.99588,-0.090633,0,0.090633,0.99588,0,0,0,1,-0.00027941,0.0030702,0
0.036,0.99556,-0.094108,0,0.094108,0.99556,0,0,0,1,-0.00029137,0.0030824,0
0.031,0.99556,-0.094108,0,0.094108,0.99556,0,0,0,1,-0.00029087,0.0030771,0
0.032,0.9954,-0.095846,0,0.095846,0.9954,0,0,0,1,-0.00030077,0.0031236,0
0.031,0.99523,-0.097583,0,0.097583,0.99523,0,0,0,1,-0.00029934,0.0030529,0
0.036,0.99488,-0.10106,0,0.10106,0.99488,0,0,0,1,-0.00030939,0.0030459,0
0.031,0.9947,-0.10279,0,0.10279,0.9947,0,0,0,1,-0.00031683,0.0030659,0
0.032,0.99452,-0.10453,0,0.10453,0.99452,0,0,0,1,-0.00032745,0.0031155,0
0.031,0.99434,-0.10626,0,0.10626,0.99434,0,0,0,1,-0.00032562,0.0030469,0
0.035,0.99415,-0.108,0,0.108,0.99415,0,0,0,1,-0.00033036,0.003041,0
0.032,0.99396,-0.10973,0,0.10973,0.99396,0,0,0,1,-0.00033804,0.003062,0
0.031,0.99377,-0.11147,0,0.11147,0.99377,0,0,0,1,-0.00034768,0.0030997,0
0.032,0.99357,-0.1132,0,0.1132,0.99357,0,0,0,1,-0.00034592,0.0030361,0
0.035,0.99337,-0.11494,0,0.11494,0.99337,0,0,0,1,-0.00035384,0.0030582,0
0.032,0.99317,-0.11667,0,0.11667,0.99317,0,0,0,1,-0.00035939,0.0030594,0
0.031,0.99297,-0.1184,0,0.1184,0.99297,0,0,0,1,-0.00037078,0.0031095,0
0.032,0.99255,-0.12187,0,0.12187,0.99255,0,0,0,1,-0.00037341,0.0030412,0
0.035,0.99233,-0.1236,0,0.1236,0.99233,0,0,0,1,-0.00038116,0.0030601,0
0.944,0.99189,-0.12706,0,0.12706,0.99189,0,0,0,1,-0.00039507,0.003084,0
0.91,0.99211,-0.12533,0,0.12533,0.99211,0,0,0,1,-0.00030423,0.0024083,0
0.901,0.99211,-0.12533,0,0.12533,0.99211,0,0,0,1,-0.00013239,0.001048,0
0.911,0.99233,-0.1236,0,0.1236,0.99233,0,0,0,1,-8.0075e-05,0.00064288,0
0.901,0.99233,-0.1236,0,0.1236,0.99233,0,0,0,1,-5.01e-05,0.00040223,0
0.909,0.99233,-0.1236,0,0.1236,0.99233,0,0,0,1,-3.1346e-05,0.00025166,0
0.902,0.99255,-0.12187,0,0.12187,0.99255,0,0,0,1,-1.7747e-05,0.00014454,0
0.909,0.99276,-0.12014,0,0.12014,0.99276,0,0,0,1,-9.3785e-06,7.75e-05,0
0.909,0.99276,-0.12014,0,0.12014,0.99276,0,0,0,1,-5.8678e-06,4.8489e-05,0
0.912,0.99276,-0.12014,0,0.12014,0.99276,0,0,0,1,-3.6713e-06,3.0338e-05,0
0.073,0.99297,-0.1184,0,0.1184,0.99297,0,0,0,1,-7.1904e-07,6.03e-06,0
0.035,0.99255,-0.12187,0,0.12187,0.99255,0,0,0,1,-9.8388e-05,0.0008013,0
0.031,0.99211,-0.12533,0,0.12533,0.99211,0,0,0,1,-0.00022764,0.0018019,0
0.063,0.99122,-0.13226,0,0.13226,0.99122,0,0,0,1,-0.00033707,0.0025262,0
0.035,0.99075,-0.13572,0,0.13572,0.99075,0,0,0,1,-0.0003723,0.0027178,0
0.032,0.99002,-0.1409,0,0.1409,0.99002,0,0,0,1,-0.00040728,0.0028617,0
0.031,0.98953,-0.14436,0,0.14436,0.98953,0,0,0,1,-0.00044312,0.0030375,0
0.031,0.98902,-0.14781,0,0.14781,0.98902,0,0,0,1,-0.00045366,0.0030355,0
0.032,0.98876,-0.14954,0,0.14954,0.98876,0,0,0,1,-0.0004551,0.0030092,0
0.035,0.98796,-0.15471,0,0.15471,0.98796,0,0,0,1,-0.00047432,0.0030289,0
0.032,0.98714,-0.15988,0,0.15988,0.98714,0,0,0,1,-0.00049841,0.0030773,0
0.031,0.98657,-0.16333,0,0.16333,0.98657,0,0,0,1,-0.00052249,0.0031561,0
0.031,0.98629,-0.16505,0,0.16505,0.98629,0,0,0,1,-0.00050953,0.0030448,0
0.036,0.98541,-0.17021,0,0.17021,0.98541,0,0,0,1,-0.00053075,0.0030727,0
0.031,0.98481,-0.17365,0,0.17365,0.98481,0,0,0,1,-0.00054258,0.0030772,0
0.031,0.9845,-0.17537,0,0.17537,0.9845,0,0,0,1,-0.00055294,0.0031042,0
0.032,0.98389,-0.1788,0,0.1788,0.98389,0,0,0,1,-0.00055588,0.0030588,0
0.031,0.98325,-0.18224,0,0.18224,0.98325,0,0,0,1,-0.00056835,0.0030666,0
0.036,0.98229,-0.18738,0,0.18738,0.98229,0,0,0,1,-0.00058566,0.0030702,0
0.031,0.98163,-0.19081,0,0.19081,0.98163,0,0,0,1,-0.00060185,0.0030962,0
0.032,0.98061,-0.19595,0,0.19595,0.98061,0,0,0,1,-0.00062657,0.0031357,0
0.031,0.97992,-0.19937,0,0.19937,0.97992,0,0,0,1,-0.00062289,0.0030616,0
0.035,0.97922,-0.20279,0,0.20279,0.97922,0,0,0,1,-0.00063694,0.0030757,0
0.032,0.97851,-0.2062,0,0.2062,0.97851,0,0,0,1,-0.00064208,0.0030469,0
0.031,0.97778,-0.20962,0,0.20962,0.97778,0,0,0,1,-0.0006675,0.0031136,0
0.032,0.97705,-0.21303,0,0.21303,0.97705,0,0,0,1,-0.0006638,0.0030445,0
0.035,0.97667,-0.21474,0,0.21474,0.97667,0,0,0,1,-0.00067055,0.0030498,0
0.032,0.97592,-0.21814,0,0.21814,0.97592,0,0,0,1,-0.00067949,0.0030399,0
0.031,0.97515,-0.22155,0,0.22155,0.97515,0,0,0,1,-0.00070564,0.0031059,0
0.031,0.97476,-0.22325,0,0.22325,0.97476,0,0,0,1,-0.00069004,0.0030129,0
0.91,0.97476,-0.22325,0,0.22325,0.97476,0,0,0,1,-0.00069071,0.0030158,0
0.901,0.97515,-0.22155,0,0.22155,0.97515,0,0,0,1,-0.00055505,0.002443,0
0.91,0.97515,-0.22155,0,0.22155,0.97515,0,0,0,1,-0.00022544,0.00099227,0
0.906,0.97553,-0.21985,0,0.21985,0.97553,0,0,0,1,-0.0001371,0.00060835,0
0.915,0.97553,-0.21985,0,0.21985,0.97553,0,0,0,1,-8.5777e-05,0.00038062,0
0.911,0.97592,-0.21814,0,0.21814,0.97592,0,0,0,1,-5.0406e-05,0.0002255,0
0.919,0.9763,-0.21644,0,0.21644,0.9763,0,0,0,1,-2.8467e-05,0.00012841,0
0.912,0.9763,-0.21644,0,0.21644,0.9763,0,0,0,1,-1.7811e-05,8.0339e-05,0
0.91,0.97667,-0.21474,0,0.21474,0.97667,0,0,0,1,-8.2542e-06,3.7542e-05,0
0.131,0.97667,-0.21474,0,0.21474,0.97667,0,0,0,1,-5.1644e-06,2.3489e-05,0
0.03,0.97667,-0.21474,0,0.21474,0.97667,0,0,0,1,-0.00016879,0.00076772,0
0.036,0.97553,-0.21985,0,0.21985,0.97553,0,0,0,1,-0.00039234,0.0017409,0
0.031,0.97515,-0.22155,0,0.22155,0.97515,0,0,0,1,-0.00054462,0.0023972,0
0.032,0.97476,-0.22325,0,0.22325,0.97476,0,0,0,1,-0.00061779,0.0026974,0
0.032,0.97476,-0.22325,0,0.22325,0.97476,0,0,0,1,-0.00063293,0.0027635,0
0.035,0.97476,-0.22325,0,0.22325,0.97476,0,0,0,1,-0.00065077,0.0028414,0
0.032,0.97398,-0.22665,0,0.22665,0.97398,0,0,0,1,-0.00067226,0.0028889,0
0.031,0.97358,-0.22835,0,0.22835,0.97358,0,0,0,1,-0.00070446,0.0030035,0
0.032,0.97318,-0.23005,0,0.23005,0.97318,0,0,0,1,-0.00069518,0.0029408,0
0.035,0.97278,-0.23175,0,0.23175,0.97278,0,0,0,1,-0.00071144,0.0029863,0
0.032,0.97237,-0.23345,0,0.23345,0.97237,0,0,0,1,-0.00070908,0.0029535,0
0.031,0.97155,-0.23684,0,0.23684,0.97155,0,0,0,1,-0.00074135,0.0030411,0
0.031,0.97072,-0.24023,0,0.24023,0.97072,0,0,0,1,-0.00074188,0.0029978,0
0.032,0.9703,-0.24192,0,0.24192,0.9703,0,0,0,1,-0.00074365,0.0029826,0
0.035,0.96945,-0.24531,0,0.24531,0.96945,0,0,0,1,-0.00075812,0.0029961,0
0.032,0.96858,-0.24869,0,0.24869,0.96858,0,0,0,1,-0.00077116,0.0030035,0
0.031,0.96815,-0.25038,0,0.25038,0.96815,0,0,0,1,-0.00079979,0.0030926,0
0.032,0.96771,-0.25207,0,0.25207,0.96771,0,0,0,1,-0.00076637,0.0029421,0
0.035,0.96638,-0.25713,0,0.25713,0.96638,0,0,0,1,-0.00079583,0.002991,0
0.032,0.96547,-0.2605,0,0.2605,0.96547,0,0,0,1,-0.00081179,0.0030086,0
0.031,0.96456,-0.26387,0,0.26387,0.96456,0,0,0,1,-0.00083238,0.0030427,0
0.031,0.96363,-0.26724,0,0.26724,0.96363,0,0,0,1,-0.00082601,0.0029785,0
0.036,0.96222,-0.27228,0,0.27228,0.96222,0,0,0,1,-0.00084793,0.0029965,0
0.031,0.96174,-0.27396,0,0.27396,0.96174,0,0,0,1,-0.00085,0.002984,0
0.031,0.96078,-0.27731,0,0.27731,0.96078,0,0,0,1,-0.00087589,0.0030346,0
0.032,0.95981,-0.28067,0,0.28067,0.95981,0,0,0,1,-0.00086471,0.0029571,0
0.035,0.95882,-0.28402,0,0.28402,0.95882,0,0,0,1,-0.000879,0.0029674,0
0.032,0.95782,-0.28736,0,0.28736,0.95782,0,0,0,1,-0.00089186,0.0029727,0
0.031,0.95681,-0.2907,0,0.2907,0.95681,0,0,0,1,-0.00092199,0.0030346,0
0.031,0.95579,-0.29404,0,0.29404,0.95579,0,0,0,1,-0.00089363,0.0029048,0
0.911,0.95476,-0.29737,0,0.29737,0.95476,0,0,0,1,-0.00093115,0.0029896,0
0.911,0.95528,-0.29571,0,0.29571,0.95528,0,0,0,1,-0.00073297,0.0023679,0
0.908,0.95579,-0.29404,0,0.29404,0.95579,0,0,0,1,-0.00030885,0.0010039,0
0.912,0.95579,-0.29404,0,0.29404,0.95579,0,0,0,1,-0.00019324,0.00062812,0
0.911,0.9563,-0.29237,0,0.29237,0.9563,0,0,0,1,-0.0001164,0.00038073,0
1.82,0.95681,-0.2907,0,0.2907,0.95681,0,0,0,1,-6.8619e-05,0.00022585,0
0.902,0.95732,-0.28903,0,0.28903,0.95732,0,0,0,1,-3.8915e-05,0.00012889,0
0.901,0.95782,-0.28736,0,0.28736,0.95782,0,0,0,1,-2.0458e-05,6.8189e-05,0
0.908,0.95782,-0.28736,0,0.28736,0.95782,0,0,0,1,-1.28e-05,4.2663e-05,0
0.134,0.95782,-0.28736,0,0.28736,0.95782,0,0,0,1,-8.0083e-06,2.6693e-05,0
0.035,0.95782,-0.28736,0,0.28736,0.95782,0,0,0,1,-0.00022657,0.00075519,0
0.031,0.95681,-0.2907,0,0.2907,0.95681,0,0,0,1,-0.0005227,0.0017204,0
0.032,0.95579,-0.29404,0,0.29404,0.95579,0,0,0,1,-0.00074016,0.0024059,0
0.031,0.95476,-0.29737,0,0.29737,0.95476,0,0,0,1,-0.00080059,0.0025704,0
0.035,0.95424,-0.29904,0,0.29904,0.95424,0,0,0,1,-0.00084887,0.0027087,0
0.032,0.95319,-0.30237,0,0.30237,0.95319,0,0,0,1,-0.00088997,0.0028055,0
0.031,0.95266,-0.30403,0,0.30403,0.95266,0,0,0,1,-0.000926,0.0029016,0
0.032,0.95159,-0.30736,0,0.30736,0.95159,0,0,0,1,-0.00093294,0.0028885,0
0.035,0.95106,-0.30902,0,0.30902,0.95106,0,0,0,1,-0.00094354,0.0029039,0
0.032,0.94997,-0.31233,0,0.31233,0.94997,0,0,0,1,-0.00096126,0.0029237,0
0.031,0.94943,-0.31399,0,0.31399,0.94943,0,0,0,1,-0.00097881,0.0029596,0
0.032,0.94888,-0.31565,0,0.31565,0.94888,0,0,0,1,-0.00096813,0.0029103,0
0.035,0.94832,-0.3173,0,0.3173,0.94832,0,0,0,1,-0.00097514,0.0029144,0
0.032,0.94721,-0.32061,0,0.32061,0.94721,0,0,0,1,-0.00099071,0.0029269,0
0.031,0.94609,-0.32392,0,0.32392,0.94609,0,0,0,1,-0.0010246,0.0029926,0
0.031,0.94609,-0.32392,0,0.32392,0.94609,0,0,0,1,-0.0009864,0.002881,0
0.032,0.94495,-0.32722,0,0.32722,0.94495,0,0,0,1,-0.0010136,0.002927,0
0.035,0.94438,-0.32887,0,0.32887,0.94438,0,0,0,1,-0.0010169,0.0029202,0
0.032,0.94322,-0.33216,0,0.33216,0.94322,0,0,0,1,-0.0010262,0.0029141,0
0.031,0.94264,-0.33381,0,0.33381,0.94264,0,0,0,1,-0.0010514,0.002969,0
0.032,0.94206,-0.33545,0,0.33545,0.94206,0,0,0,1,-0.0010273,0.0028849,0
0.035,0.94029,-0.34038,0,0.34038,0.94029,0,0,0,1,-0.0010582,0.0029232,0
0.031,0.93909,-0.34366,0,0.34366,0.93909,0,0,0,1,-0.001061,0.0028993,0
0.032,0.93728,-0.34857,0,0.34857,0.93728,0,0,0,1,-0.0011065,0.0029754,0
0.031,0.93606,-0.35184,0,0.35184,0.93606,0,0,0,1,-0.0011007,0.0029284,0
0.035,0.93483,-0.35511,0,0.35511,0.93483,0,0,0,1,-0.0011096,0.002921,0
0.032,0.93358,-0.35837,0,0.35837,0.93358,0,0,0,1,-0.0011099,0.0028915,0
0.031,0.93232,-0.36162,0,0.36162,0.93232,0,0,0,1,-0.0011455,0.0029532,0
0.032,0.93169,-0.36325,0,0.36325,0.93169,0,0,0,1,-0.0011165,0.0028636,0
0.031,0.93106,-0.36488,0,0.36488,0.93106,0,0,0,1,-0.0011228,0.0028651,0
0.92,0.93042,-0.3665,0,0.3665,0.93042,0,0,0,1,-0.0011287,0.0028653,0
0.909,0.93042,-0.3665,0,0.3665,0.93042,0,0,0,1,-0.00091512,0.0023232,0
0.919,0.93106,-0.36488,0,0.36488,0.93106,0,0,0,1,-0.00037373,0.00095364,0
0.913,0.93106,-0.36488,0,0.36488,0.93106,0,0,0,1,-0.00023383,0.00059666,0
0.919,0.93169,-0.36325,0,0.36325,0.93169,0,0,0,1,-0.00014091,0.00036141,0
0.902,0.93232,-0.36162,0,0.36162,0.93232,0,0,0,1,-8.3048e-05,0.00021411,0
0.909,0.93232,-0.36162,0,0.36162,0.93232,0,0,0,1,-5.196e-05,0.00013396,0
0.911,0.93295,-0.36,0,0.36,0.93295,0,0,0,1,-2.7666e-05,7.1699e-05,0
0.9,0.93358,-0.35837,0,0.35837,0.93358,0,0,0,1,-1.2556e-05,3.2709e-05,0
0.912,0.93358,-0.35837,0,0.35837,0.93358,0,0,0,1,-7.8558e-06,2.0465e-05,0
0.119,0.93358,-0.35837,0,0.35837,0.93358,0,0,0,1,-4.9151e-06,1.2804e-05,0
0.031,0.93358,-0.35837,0,0.35837,0.93358,0,0,0,1,-0.00028168,0.0007338,0
0.031,0.93169,-0.36325,0,0.36325,0.93169,0,0,0,1,-0.00065057,0.0016686,0
0.036,0.92913,-0.36975,0,0.36975,0.92913,0,0,0,1,-0.00093186,0.0023417,0
0.031,0.92784,-0.37299,0,0.37299,0.92784,0,0,0,1,-0.0010306,0.0025636,0
0.031,0.92653,-0.37622,0,0.37622,0.92653,0,0,0,1,-0.001106,0.0027239,0
0.031,0.92455,-0.38107,0,0.38107,0.92455,0,0,0,1,-0.0011389,0.0027631,0
0.031,0.92321,-0.3843,0,0.3843,0.92321,0,0,0,1,-0.0011696,0.0028098,0
0.036,0.92186,-0.38752,0,0.38752,0.92186,0,0,0,1,-0.001183,0.0028143,0
0.031,0.9205,-0.39073,0,0.39073,0.9205,0,0,0,1,-0.0012098,0.0028501,0
0.031,0.91914,-0.39394,0,0.39394,0.91914,0,0,0,1,-0.0012452,0.0029052,0
0.031,0.91775,-0.39715,0,0.39715,0.91775,0,0,0,1,-0.0012366,0.0028577,0
0.032,0.91636,-0.40035,0,0.40035,0.91636,0,0,0,1,-0.0012448,0.0028493,0
0.035,0.91425,-0.40514,0,0.40514,0.91425,0,0,0,1,-0.0012689,0.0028635,0
0.031,0.91283,-0.40833,0,0.40833,0.91283,0,0,0,1,-0.0012743,0.0028488,0
0.031,0.91068,-0.4131,0,0.4131,0.91068,0,0,0,1,-0.0013227,0.0029158,0
0.032,0.90851,-0.41787,0,0.41787,0.90851,0,0,0,1,-0.0013173,0.002864,0
0.031,0.90704,-0.42104,0,0.42104,0.90704,0,0,0,1,-0.0013193,0.0028422,0
0.035,0.90557,-0.4242,0,0.4242,0.90557,0,0,0,1,-0.0013295,0.0028382,0
0.031,0.90408,-0.42736,0,0.42736,0.90408,0,0,0,1,-0.0013449,0.0028452,0
0.031,0.90334,-0.42894,0,0.42894,0.90334,0,0,0,1,-0.0013639,0.0028723,0
0.032,0.90183,-0.43209,0,0.43209,0.90183,0,0,0,1,-0.0013397,0.0027962,0
0.031,0.90032,-0.43523,0,0.43523,0.90032,0,0,0,1,-0.0013551,0.0028032,0
0.035,0.89956,-0.4368,0,0.4368,0.89956,0,0,0,1,-0.0013579,0.0027964,0
0.031,0.89803,-0.43994,0,0.43994,0.89803,0,0,0,1,-0.001372,0.0028006,0
0.032,0.89726,-0.44151,0,0.44151,0.89726,0,0,0,1,-0.0014015,0.0028482,0
0.031,0.89571,-0.44464,0,0.44464,0.89571,0,0,0,1,-0.0013771,0.0027742,0
0.031,0.89415,-0.44776,0,0.44776,0.89415,0,0,0,1,-0.0013932,0.0027821,0
0.035,0.89259,-0.45088,0,0.45088,0.89259,0,0,0,1,-0.0014125,0.0027964,0
0.032,0.89021,-0.45554,0,0.45554,0.89021,0,0,0,1,-0.0014335,0.0028014,0
0.031,0.88942,-0.4571,0,0.4571,0.88942,0,0,0,1,-0.0014419,0.0028056,0
0.031,0.88782,-0.4602,0,0.4602,0.88782,0,0,0,1,-0.0014369,0.002772,0
0.908,0.88862,-0.45865,0,0.45865,0.88862,0,0,0,1,-0.0014221,0.0027552,0
0.913,0.88942,-0.4571,0,0.4571,0.88942,0,0,0,1,-0.0010042,0.001954,0
0.92,0.88942,-0.4571,0,0.4571,0.88942,0,0,0,1,-0.00051977,0.0010114,0
0.919,0.89021,-0.45554,0,0.45554,0.89021,0,0,0,1,-0.00031815,0.00062173,0
0.902,0.89021,-0.45554,0,0.45554,0.89021,0,0,0,1,-0.00019906,0.00038899,0
0.919,0.89101,-0.45399,0,0.45399,0.89101,0,0,0,1,-0.0001182,0.00023197,0
0.912,0.89101,-0.45399,0,0.45399,0.89101,0,0,0,1,-7.3951e-05,0.00014514,0
0.902,0.8918,-0.45243,0,0.45243,0.8918,0,0,0,1,-4.0207e-05,7.9252e-05,0
0.909,0.89259,-0.45088,0,0.45088,0.89259,0,0,0,1,-1.9187e-05,3.7984e-05,0
0.902,0.89259,-0.45088,0,0.45088,0.89259,0,0,0,1,-1.2005e-05,2.3765e-05,0
0.118,0.89259,-0.45088,0,0.45088,0.89259,0,0,0,1,-7.5108e-06,1.4869e-05,0
0.031,0.89259,-0.45088,0,0.45088,0.89259,0,0,0,1,-0.00034944,0.00069176,0
0.031,0.89101,-0.45399,0,0.45399,0.89101,0,0,0,1,-0.00080391,0.0015778,0
0.035,0.89021,-0.45554,0,0.45554,0.89021,0,0,0,1,-0.001113,0.002175,0
0.031,0.88942,-0.4571,0,0.4571,0.88942,0,0,0,1,-0.0012291,0.0023916,0
0.032,0.88862,-0.45865,0,0.45865,0.88862,0,0,0,1,-0.0013267,0.0025705,0
0.031,0.88701,-0.46175,0,0.46175,0.88701,0,0,0,1,-0.0013083,0.0025131,0
0.031,0.88701,-0.46175,0,0.46175,0.88701,0,0,0,1,-0.0013829,0.0026566,0
0.035,0.8862,-0.4633,0,0.4633,0.8862,0,0,0,1,-0.0014057,0.0026889,0
0.032,0.88458,-0.46639,0,0.46639,0.88458,0,0,0,1,-0.001421,0.0026951,0
0.031,0.88295,-0.46947,0,0.46947,0.88295,0,0,0,1,-0.0014634,0.0027523,0
0.031,0.88295,-0.46947,0,0.46947,0.88295,0,0,0,1,-0.0014249,0.0026798,0
0.032,0.8813,-0.47255,0,0.47255,0.8813,0,0,0,1,-0.00144,0.0026856,0
0.035,0.88048,-0.47409,0,0.47409,0.88048,0,0,0,1,-0.001454,0.0027004,0
0.031,0.87882,-0.47716,0,0.47716,0.87882,0,0,0,1,-0.0014636,0.0026956,0
0.031,0.87882,-0.47716,0,0.47716,0.87882,0,0,0,1,-0.001481,0.0027277,0
0.032,0.87798,-0.47869,0,0.47869,0.87798,0,0,0,1,-0.0014551,0.0026689,0
0.031,0.87631,-0.48175,0,0.48175,0.87631,0,0,0,1,-0.0014635,0.002662,0
0.035,0.87462,-0.48481,0,0.48481,0.87462,0,0,0,1,-0.0014964,0.0026995,0
0.031,0.87377,-0.48634,0,0.48634,0.87377,0,0,0,1,-0.0014913,0.0026794,0
0.032,0.87292,-0.48786,0,0.48786,0.87292,0,0,0,1,-0.0015265,0.0027313,0
0.031,0.87207,-0.48938,0,0.48938,0.87207,0,0,0,1,-0.0015014,0.0026755,0
0.035,0.87036,-0.49242,0,0.49242,0.87036,0,0,0,1,-0.0015046,0.0026593,0
0.032,0.86949,-0.49394,0,0.49394,0.86949,0,0,0,1,-0.0015174,0.0026711,0
0.031,0.86777,-0.49697,0,0.49697,0.86777,0,0,0,1,-0.0015756,0.0027512,0
0.031,0.8669,-0.49849,0,0.49849,0.8669,0,0,0,1,-0.0015423,0.0026821,0
0.067,0.86515,-0.50151,0,0.50151,0.86515,0,0,0,1,-0.0015279,0.0026358,0
0.031,0.8634,-0.50453,0,0.50453,0.8634,0,0,0,1,-0.0015537,0.0026589,0
0.031,0.86163,-0.50754,0,0.50754,0.86163,0,0,0,1,-0.0015925,0.0027035,0
0.031,0.86074,-0.50904,0,0.50904,0.86074,0,0,0,1,-0.0015136,0.0025594,0
0.032,0.85985,-0.51054,0,0.51054,0.85985,0,0,0,1,-0.0015741,0.0026511,0
0.918,0.85806,-0.51354,0,0.51354,0.85806,0,0,0,1,-0.0015804,0.0026407,0
0.912,0.85896,-0.51204,0,0.51204,0.85896,0,0,0,1,-0.0010984,0.0018426,0
0.919,0.85896,-0.51204,0,0.51204,0.85896,0,0,0,1,-0.00059763,0.0010025,0
0.91,0.85985,-0.51054,0,0.51054,0.85985,0,0,0,1,-0.00036616,0.00061669,0
0.913,0.85985,-0.51054,0,0.51054,0.85985,0,0,0,1,-0.0002291,0.00038584,0
0.919,0.86074,-0.50904,0,0.50904,0.86074,0,0,0,1,-0.00013627,0.00023043,0
0.91,0.86074,-0.50904,0,0.50904,0.86074,0,0,0,1,-8.5262e-05,0.00014417,0
0.912,0.86163,-0.50754,0,0.50754,0.86163,0,0,0,1,-4.6566e-05,7.9053e-05,0
0.92,0.86251,-0.50603,0,0.50603,0.86251,0,0,0,1,-2.2446e-05,3.8258e-05,0
0.912,0.86251,-0.50603,0,0.50603,0.86251,0,0,0,1,-1.4044e-05,2.3937e-05,0
0.099,0.86251,-0.50603,0,0.50603,0.86251,0,0,0,1,-8.7867e-06,1.4977e-05,0
0.031,0.86251,-0.50603,0,0.50603,0.86251,0,0,0,1,-0.0003989,0.00067991,0
0.035,0.86074,-0.50904,0,0.50904,0.86074,0,0,0,1,-0.00091212,0.0015423,0
0.032,0.85806,-0.51354,0,0.51354,0.85806,0,0,0,1,-0.001275,0.0021304,0
0.031,0.85627,-0.51653,0,0.51653,0.85627,0,0,0,1,-0.0014473,0.0023993,0
0.031,0.85446,-0.51952,0,0.51952,0.85446,0,0,0,1,-0.0014491,0.0023833,0
0.031,0.85264,-0.5225,0,0.5225,0.85264,0,0,0,1,-0.0015643,0.0025526,0
0.035,0.85081,-0.52547,0,0.52547,0.85081,0,0,0,1,-0.001601,0.0025922,0
0.032,0.84989,-0.52696,0,0.52696,0.84989,0,0,0,1,-0.0016293,0.0026277,0
0.031,0.84805,-0.52992,0,0.52992,0.84805,0,0,0,1,-0.0016802,0.0026888,0
0.031,0.84526,-0.53435,0,0.53435,0.84526,0,0,0,1,-0.0016875,0.0026693,0
0.031,0.84339,-0.5373,0,0.5373,0.84339,0,0,0,1,-0.0016519,0.002593,0
0.035,0.84245,-0.53877,0,0.53877,0.84245,0,0,0,1,-0.0016684,0.0026088,0
0.032,0.83962,-0.54317,0,0.54317,0.83962,0,0,0,1,-0.0017038,0.0026336,0
0.031,0.83772,-0.5461,0,0.5461,0.83772,0,0,0,1,-0.0017468,0.0026796,0
0.031,0.83581,-0.54902,0,0.54902,0.83581,0,0,0,1,-0.0016608,0.0025283,0
0.031,0.83389,-0.55194,0,0.55194,0.83389,0,0,0,1,-0.0017338,0.0026194,0
0.036,0.83195,-0.55484,0,0.55484,0.83195,0,0,0,1,-0.0017486,0.0026219,0
0.031,0.83001,-0.55775,0,0.55775,0.83001,0,0,0,1,-0.0017474,0.0026004,0
0.031,0.82806,-0.56064,0,0.56064,0.82806,0,0,0,1,-0.001792,0.0026467,0
0.031,0.8261,-0.56353,0,0.56353,0.8261,0,0,0,1,-0.0017109,0.002508,0
0.031,0.82413,-0.56641,0,0.56641,0.82413,0,0,0,1,-0.0017902,0.0026048,0
0.036,0.82214,-0.56928,0,0.56928,0.82214,0,0,0,1,-0.0017939,0.0025907,0
0.031,0.82015,-0.57215,0,0.57215,0.82015,0,0,0,1,-0.0017924,0.0025693,0
0.031,0.81815,-0.57501,0,0.57501,0.81815,0,0,0,1,-0.001845,0.0026252,0
0.031,0.81614,-0.57786,0,0.57786,0.81614,0,0,0,1,-0.0017516,0.0024739,0
0.032,0.81412,-0.5807,0,0.5807,0.81412,0,0,0,1,-0.0018264,0.0025605,0
0.035,0.81208,-0.58354,0,0.58354,0.81208,0,0,0,1,-0.0018259,0.002541,0
0.031,0.81004,-0.58637,0,0.58637,0.81004,0,0,0,1,-0.0018435,0.0025466,0
0.031,0.80799,-0.5892,0,0.5892,0.80799,0,0,0,1,-0.0018873,0.0025881,0
0.031,0.80593,-0.59201,0,0.59201,0.80593,0,0,0,1,-0.0018739,0.002551,0
0.032,0.80386,-0.59482,0,0.59482,0.80386,0,0,0,1,-0.0018538,0.0025053,0
0.919,0.80386,-0.59482,0,0.59482,0.80386,0,0,0,1,-0.0018424,0.0024899,0
0.911,0.80386,-0.59482,0,0.59482,0.80386,0,0,0,1,-0.001306,0.001765,0
0.901,0.80489,-0.59342,0,0.59342,0.80489,0,0,0,1,-0.00067395,0.00091413,0
0.918,0.80489,-0.59342,0,0.59342,0.80489,0,0,0,1,-0.00042167,0.00057194,0
0.913,0.80593,-0.59201,0,0.59201,0.80593,0,0,0,1,-0.00025547,0.00034779,0
0.911,0.80593,-0.59201,0,0.59201,0.80593,0,0,0,1,-0.00015984,0.0002176,0
0.908,0.80696,-0.59061,0,0.59061,0.80696,0,0,0,1,-9.2064e-05,0.00012579,0
0.901,0.80799,-0.5892,0,0.5892,0.80799,0,0,0,1,-4.9776e-05,6.8261e-05,0
0.902,0.80799,-0.5892,0,0.5892,0.80799,0,0,0,1,-3.1143e-05,4.2708e-05,0
0.919,0.80902,-0.58779,0,0.58779,0.80902,0,0,0,1,-1.177e-05,1.62e-05,0
0.134,0.80902,-0.58779,0,0.58779,0.80902,0,0,0,1,-7.3639e-06,1.0136e-05,0
0.035,0.80799,-0.5892,0,0.5892,0.80799,0,0,0,1,-0.00046658,0.00063984,0
0.031,0.80593,-0.59201,0,0.59201,0.80593,0,0,0,1,-0.0010509,0.0014307,0
0.032,0.80386,-0.59482,0,0.59482,0.80386,0,0,0,1,-0.0014665,0.0019818,0
0.031,0.80282,-0.59622,0,0.59622,0.80282,0,0,0,1,-0.0016228,0.0021851,0
0.035,0.80178,-0.59763,0,0.59763,0.80178,0,0,0,1,-0.0016925,0.0022707,0
0.031,0.79968,-0.60042,0,0.60042,0.79968,0,0,0,1,-0.0017723,0.0023605,0
0.031,0.79758,-0.60321,0,0.60321,0.79758,0,0,0,1,-0.0018558,0.0024538,0
0.032,0.79547,-0.60599,0,0.60599,0.79547,0,0,0,1,-0.0018435,0.00242,0
0.066,0.79229,-0.61015,0,0.61015,0.79229,0,0,0,1,-0.0018739,0.0024333,0
0.031,0.78908,-0.61429,0,0.61429,0.78908,0,0,0,1,-0.0019054,0.0024476,0
0.031,0.78801,-0.61566,0,0.61566,0.78801,0,0,0,1,-0.0019439,0.0024881,0
0.031,0.78694,-0.61704,0,0.61704,0.78694,0,0,0,1,-0.001854,0.0023645,0
0.032,0.78478,-0.61978,0,0.61978,0.78478,0,0,0,1,-0.0019351,0.0024502,0
0.035,0.78261,-0.62251,0,0.62251,0.78261,0,0,0,1,-0.0019349,0.0024325,0
0.031,0.78043,-0.62524,0,0.62524,0.78043,0,0,0,1,-0.0019536,0.0024384,0
0.031,0.77934,-0.6266,0,0.6266,0.77934,0,0,0,1,-0.0019795,0.002462,0
0.031,0.77715,-0.62932,0,0.62932,0.77715,0,0,0,1,-0.0018998,0.0023461,0
0.032,0.77494,-0.63203,0,0.63203,0.77494,0,0,0,1,-0.0019789,0.0024264,0
0.035,0.77273,-0.63473,0,0.63473,0.77273,0,0,0,1,-0.0019843,0.0024158,0
0.032,0.77051,-0.63742,0,0.63742,0.77051,0,0,0,1,-0.0019908,0.0024065,0
0.03,0.7694,-0.63877,0,0.63877,0.7694,0,0,0,1,-0.0020414,0.0024589,0
0.031,0.76717,-0.64145,0,0.64145,0.76717,0,0,0,1,-0.0020073,0.0024007,0
0.063,0.76267,-0.64679,0,0.64679,0.76267,0,0,0,1,-0.0020059,0.0023652,0
0.035,0.76041,-0.64945,0,0.64945,0.76041,0,0,0,1,-0.0020182,0.002363,0
0.031,0.75927,-0.65077,0,0.65077,0.75927,0,0,0,1,-0.0020083,0.0023431,0
0.031,0.75813,-0.6521,0,0.6521,0.75813,0,0,0,1,-0.0020607,0.0023957,0
0.031,0.757,-0.65342,0,0.65342,0.757,0,0,0,1,-0.0020134,0.0023326,0
0.032,0.75471,-0.65606,0,0.65606,0.75471,0,0,0,1,-0.0020388,0.0023454,0
0.035,0.75241,-0.65869,0,0.65869,0.75241,0,0,0,1,-0.0020414,0.0023318,0
0.914,0.75356,-0.65738,0,0.65738,0.75356,0,0,0,1,-0.002008,0.0023019,0
0.918,0.75471,-0.65606,0,0.65606,0.75471,0,0,0,1,-0.0015209,0.0017496,0
0.912,0.75471,-0.65606,0,0.65606,0.75471,0,0,0,1,-0.00070561,0.00081171,0
0.91,0.75585,-0.65474,0,0.65474,0.75585,0,0,0,1,-0.00043205,0.00049877,0
0.911,0.757,-0.65342,0,0.65342,0.757,0,0,0,1,-0.00026125,0.00030266,0
0.919,0.757,-0.65342,0,0.65342,0.757,0,0,0,1,-0.00016345,0.00018936,0
0.913,0.75813,-0.6521,0,0.6521,0.75813,0,0,0,1,-9.3552e-05,0.00010876,0
0.912,0.75927,-0.65077,0,0.65077,0.75927,0,0,0,1,-4.9923e-05,5.8246e-05,0
0.919,0.75927,-0.65077,0,0.65077,0.75927,0,0,0,1,-3.1235e-05,3.6442e-05,0
0.919,0.76041,-0.64945,0,0.64945,0.76041,0,0,0,1,-1.1029e-05,1.2914e-05,0
0.113,0.76041,-0.64945,0,0.64945,0.76041,0,0,0,1,-6.9006e-06,8.0796e-06,0
0.03,0.76041,-0.64945,0,0.64945,0.76041,0,0,0,1,-0.00050088,0.00058645,0
0.036,0.757,-0.65342,0,0.65342,0.757,0,0,0,1,-0.0011477,0.0013296,0
0.031,0.75471,-0.65606,0,0.65606,0.75471,0,0,0,1,-0.0016056,0.001847,0
0.031,0.75356,-0.65738,0,0.65738,0.75356,0,0,0,1,-0.0018186,0.0020847,0
0.031,0.75126,-0.66,0,0.66,0.75126,0,0,0,1,-0.0018756,0.0021349,0
0.031,0.75011,-0.66131,0,0.66131,0.75011,0,0,0,1,-0.0019349,0.0021947,0
0.036,0.74896,-0.66262,0,0.66262,0.74896,0,0,0,1,-0.0019736,0.0022307,0
0.031,0.7478,-0.66393,0,0.66393,0.7478,0,0,0,1,-0.0020076,0.0022612,0
0.031,0.74664,-0.66523,0,0.66523,0.74664,0,0,0,1,-0.0020471,0.0022976,0
0.031,0.74548,-0.66653,0,0.66653,0.74548,0,0,0,1,-0.0020067,0.0022444,0
0.031,0.74431,-0.66783,0,0.66783,0.74431,0,0,0,1,-0.0020412,0.002275,0
0.035,0.74314,-0.66913,0,0.66913,0.74314,0,0,0,1,-0.0020393,0.0022649,0
0.032,0.7408,-0.67172,0,0.67172,0.7408,0,0,0,1,-0.002069,0.0022818,0
0.031,0.73846,-0.6743,0,0.6743,0.73846,0,0,0,1,-0.0021076,0.0023081,0
0.031,0.73728,-0.67559,0,0.67559,0.73728,0,0,0,1,-0.002046,0.0022328,0
0.031,0.73491,-0.67816,0,0.67816,0.73491,0,0,0,1,-0.0020807,0.0022548,0
0.035,0.73254,-0.68072,0,0.68072,0.73254,0,0,0,1,-0.002097,0.0022566,0
0.031,0.73016,-0.68327,0,0.68327,0.73016,0,0,0,1,-0.0021272,0.0022732,0
0.032,0.73016,-0.68327,0,0.68327,0.73016,0,0,0,1,-0.0021319,0.0022782,0
0.031,0.72777,-0.68582,0,0.68582,0.72777,0,0,0,1,-0.0020407,0.0021655,0
0.031,0.72537,-0.68835,0,0.68835,0.72537,0,0,0,1,-0.0021236,0.0022378,0
0.035,0.72297,-0.69088,0,0.69088,0.72297,0,0,0,1,-0.0021529,0.0022528,0
0.032,0.72055,-0.6934,0,0.6934,0.72055,0,0,0,1,-0.0021395,0.0022233,0
0.062,0.71813,-0.69591,0,0.69591,0.71813,0,0,0,1,-0.0022122,0.0022828,0
0.031,0.71691,-0.69717,0,0.69717,0.71691,0,0,0,1,-0.0021346,0.002195,0
0.031,0.71569,-0.69842,0,0.69842,0.71569,0,0,0,1,-0.0021483,0.0022014,0
0.035,0.71325,-0.70091,0,0.70091,0.71325,0,0,0,1,-0.0021451,0.0021828,0
0.031,0.71325,-0.70091,0,0.70091,0.71325,0,0,0,1,-0.0021638,0.0022019,0
0.031,0.7108,-0.70339,0,0.70339,0.7108,0,0,0,1,-0.0021927,0.0022158,0
0.032,0.70834,-0.70587,0,0.70587,0.70834,0,0,0,1,-0.0021697,0.0021773,0
0.919,0.7108,-0.70339,0,0.70339,0.7108,0,0,0,1,-0.0021414,0.0021639,0
0.911,0.7108,-0.70339,0,0.70339,0.7108,0,0,0,1,-0.0015387,0.0015548,0
0.92,0.71203,-0.70215,0,0.70215,0.71203,0,0,0,1,-0.00077631,0.00078722,0
0.9,0.71203,-0.70215,0,0.70215,0.71203,0,0,0,1,-0.00048571,0.00049254,0
0.901,0.71325,-0.70091,0,0.70091,0.71325,0,0,0,1,-0.00029421,0.00029939,0
0.902,0.71325,-0.70091,0,0.70091,0.71325,0,0,0,1,-0.00018408,0.00018732,0
0.901,0.71447,-0.69966,0,0.69966,0.71447,0,0,0,1,-0.00010584,0.00010808,0
0.919,0.71447,-0.69966,0,0.69966,0.71447,0,0,0,1,-6.6218e-05,6.762e-05,0
0.919,0.71447,-0.69966,0,0.69966,0.71447,0,0,0,1,-4.1431e-05,4.2307e-05,0
0.913,0.71569,-0.69842,0,0.69842,0.71569,0,0,0,1,-1.6763e-05,1.7178e-05,0
0.918,0.71569,-0.69842,0,0.69842,0.71569,0,0,0,1,-1.0488e-05,1.0748e-05,0
0.912,0.71691,-0.69717,0,0.69717,0.71691,0,0,0,1,2.5457e-06,-2.6178e-06,0
0.903,0.71691,-0.69717,0,0.69717,0.71691,0,0,0,1,1.5928e-06,-1.6379e-06,0
0.917,0.71691,-0.69717,0,0.69717,0.71691,0,0,0,1,9.9655e-07,-1.0248e-06,0
0.913,0.71813,-0.69591,0,0.69591,0.71813,0,0,0,1,9.7021e-06,-1.0012e-05,0
0.92,0.71813,-0.69591,0,0.69591,0.71813,0,0,0,1,6.0703e-06,-6.264e-06,0
0.912,0.71934,-0.69466,0,0.69466,0.71934,0,0,0,1,1.2854e-05,-1.3311e-05,0
0.919,0.71934,-0.69466,0,0.69466,0.71934,0,0,0,1,8.0426e-06,-8.3283e-06,0
0.911,0.71934,-0.69466,0,0.69466,0.71934,0,0,0,1,5.032e-06,-5.2107e-06,0
0.91,0.71934,-0.69466,0,0.69466,0.71934,0,0,0,1,3.1483e-06,-3.2602e-06,0
0.919,0.71934,-0.69466,0,0.69466,0.71934,0,0,0,1,1.9698e-06,-2.0398e-06,0
0.914,0.71934,-0.69466,0,0.69466,0.71934,0,0,0,1,1.2324e-06,-1.2762e-06,0
0.918,0.72055,-0.6934,0,0.6934,0.72055,0,0,0,1,9.8166e-06,-1.0201e-05,0
0.91,0.72055,-0.6934,0,0.6934,0.72055,0,0,0,1,6.1419e-06,-6.3824e-06,0
0.912,0.72055,-0.6934,0,0.6934,0.72055,0,0,0,1,3.8428e-06,-3.9932e-06,0
