0,1,-0,0,0,1,0,0,0,1,0,0,0
0.173,1,-0,0,0,1,0,0,0,1,0,-0.00083076,0
0.035,1,-0,0,0,1,0,0,0,1,0,0.004198,0
0.032,0.99996,0.0087265,0,-0.0087265,0.99996,0,0,0,1,4.4013e-05,0.0050434,0
0.011,0.99996,0.0087265,0,-0.0087265,0.99996,0,0,0,1,5.7823e-05,0.0066258,0
0.029,0.99995,0.010472,0,-0.010472,0.99995,0,0,0,1,7.1571e-05,0.0068343,0
0.032,0.99993,0.012217,0,-0.012217,0.99993,0,0,0,1,0.00010279,0.0084132,0
0.036,0.99993,0.012217,0,-0.012217,0.99993,0,0,0,1,0.0001042,0.0085284,0
0.063,0.99988,0.015707,0,-0.015707,0.99988,0,0,0,1,0.00013673,0.0087035,0
0.032,0.99985,0.017452,0,-0.017452,0.99985,0,0,0,1,0.00015344,0.0087903,0
0.45,0.99982,0.019197,0,-0.019197,0.99982,0,0,0,1,0.0001699,0.0088485,0
0.036,0.99988,0.015707,0,-0.015707,0.99988,0,0,0,1,0.00011631,0.0074036,0
0.031,0.99993,0.012217,0,-0.012217,0.99993,0,0,0,1,8.0508e-05,0.0065893,0
0.032,0.99996,0.0087265,0,-0.0087265,0.99996,0,0,0,1,5.2606e-05,0.006028,0
0.031,0.99999,0.005236,0,-0.005236,0.99999,0,0,0,1,2.8935e-05,0.0055262,0
0.036,0.99999,0.0034907,0,-0.0034907,0.99999,0,0,0,1,1.8297e-05,0.0052418,0
0.031,1,0.0017453,0,-0.0017453,1,0,0,0,1,8.8598e-06,0.0050763,0
0.032,1,-0,0,0,1,0,0,0,1,0,0.0050227,0
0.031,0.99999,-0.0034907,0,0.0034907,0.99999,0,0,0,1,-1.7224e-05,0.0049343,0
0.036,0.99999,-0.005236,0,0.005236,0.99999,0,0,0,1,-2.5506e-05,0.0048713,0
0.031,0.99996,-0.0087265,0,0.0087265,0.99996,0,0,0,1,-4.256e-05,0.0048769,0
0.032,0.99995,-0.010472,0,0.010472,0.99995,0,0,0,1,-5.0768e-05,0.0048478,0
0.032,0.99993,-0.012217,0,0.012217,0.99993,0,0,0,1,-5.9007e-05,0.0048296,0
0.035,0.9999,-0.013962,0,0.013962,0.9999,0,0,0,1,-6.7103e-05,0.0048056,0
0.031,0.99985,-0.017452,0,0.017452,0.99985,0,0,0,1,-8.4186e-05,0.004823,0
0.032,0.99982,-0.019197,0,0.019197,0.99982,0,0,0,1,-9.363e-05,0.0048763,0
0.031,0.99978,-0.020942,0,0.020942,0.99978,0,0,0,1,-0.00010022,0.0047846,0
0.036,0.9997,-0.024432,0,0.024432,0.9997,0,0,0,1,-0.00011724,0.0047971,0
0.031,0.99966,-0.026177,0,0.026177,0.99966,0,0,0,1,-0.00012562,0.0047972,0
0.032,0.99961,-0.027922,0,0.027922,0.99961,0,0,0,1,-0.0001354,0.0048472,0
0.032,0.99961,-0.027922,0,0.027922,0.99961,0,0,0,1,-0.00013187,0.0047211,0
0.035,0.99956,-0.029666,0,0.029666,0.99956,0,0,0,1,-0.0001417,0.0047745,0
0.03,0.99951,-0.031411,0,0.031411,0.99951,0,0,0,1,-0.00015031,0.0047828,0
0.063,0.99939,-0.034899,0,0.034899,0.99939,0,0,0,1,-0.00017007,0.0048702,0
0.032,0.99933,-0.036644,0,0.036644,0.99933,0,0,0,1,-0.0001739,0.0047425,0
0.035,0.99926,-0.038388,0,0.038388,0.99926,0,0,0,1,-0.00018439,0.0047998,0
0.063,0.99905,-0.043619,0,0.043619,0.99905,0,0,0,1,-0.00021067,0.0048251,0
0.032,0.99889,-0.047106,0,0.047106,0.99889,0,0,0,1,-0.00022793,0.0048332,0
0.908,0.99863,-0.052336,0,0.052336,0.99863,0,0,0,1,-0.00025523,0.0048701,0
0.097,0.99863,-0.052336,0,0.052336,0.99863,0,0,0,1,-0.00019614,0.0037425,0
0.032,0.99863,-0.052336,0,0.052336,0.99863,0,0,0,1,-0.00016223,0.0030956,0
0.031,0.99844,-0.055822,0,0.055822,0.99844,0,0,0,1,-0.00021666,0.0038752,0
0.032,0.99824,-0.059306,0,0.059306,0.99824,0,0,0,1,-0.00026214,0.0044123,0
0.035,0.99792,-0.064532,0,0.064532,0.99792,0,0,0,1,-0.00029862,0.0046178,0
0.031,0.99768,-0.068015,0,0.068015,0.99768,0,0,0,1,-0.00031964,0.0046886,0
0.031,0.99744,-0.071497,0,0.071497,0.99744,0,0,0,1,-0.00034459,0.0048073,0
0.032,0.99719,-0.074979,0,0.074979,0.99719,0,0,0,1,-0.00035857,0.0047688,0
0.035,0.99692,-0.078459,0,0.078459,0.99692,0,0,0,1,-0.00037828,0.0048065,0
0.032,0.99649,-0.083678,0,0.083678,0.99649,0,0,0,1,-0.00040404,0.0048115,0
0.031,0.99619,-0.087156,0,0.087156,0.99619,0,0,0,1,-0.00042927,0.0049065,0
0.032,0.99588,-0.090633,0,0.090633,0.99588,0,0,0,1,-0.00043942,0.0048284,0
0.035,0.99556,-0.094108,0,0.094108,0.99556,0,0,0,1,-0.0004541,0.0048038,0
0.032,0.99506,-0.09932,0,0.09932,0.99506,0,0,0,1,-0.00048601,0.0048692,0
0.031,0.9947,-0.10279,0,0.10279,0.9947,0,0,0,1,-0.0005066,0.0049023,0
0.032,0.99434,-0.10626,0,0.10626,0.99434,0,0,0,1,-0.00051541,0.0048229,0
0.035,0.99396,-0.10973,0,0.10973,0.99396,0,0,0,1,-0.00053374,0.0048346,0
0.032,0.99357,-0.1132,0,0.1132,0.99357,0,0,0,1,-0.00054875,0.0048163,0
0.063,0.99276,-0.12014,0,0.12014,0.99276,0,0,0,1,-0.00059347,0.0049042,0
0.035,0.99255,-0.12187,0,0.12187,0.99255,0,0,0,1,-0.00058496,0.0047641,0
0.032,0.99189,-0.12706,0,0.12706,0.99189,0,0,0,1,-0.00061659,0.0048132,0
0.032,0.99144,-0.13053,0,0.13053,0.99144,0,0,0,1,-0.00063995,0.0048609,0
0.031,0.99122,-0.13226,0,0.13226,0.99122,0,0,0,1,-0.0006334,0.0047471,0
0.035,0.99075,-0.13572,0,0.13572,0.99075,0,0,0,1,-0.00065323,0.0047687,0
0.032,0.99027,-0.13917,0,0.13917,0.99027,0,0,0,1,-0.0006737,0.0047936,0
0.031,0.99002,-0.1409,0,0.1409,0.99002,0,0,0,1,-0.00068342,0.0048019,0
0.032,0.98953,-0.14436,0,0.14436,0.98953,0,0,0,1,-0.00069853,0.0047883,0
0.035,0.98927,-0.14608,0,0.14608,0.98927,0,0,0,1,-0.00069743,0.004723,0
0.032,0.98902,-0.14781,0,0.14781,0.98902,0,0,0,1,-0.00071262,0.0047682,0
0.032,0.98876,-0.14954,0,0.14954,0.98876,0,0,0,1,-0.00073468,0.0048578,0
0.912,0.98823,-0.15299,0,0.15299,0.98823,0,0,0,1,-0.00073674,0.004759,0
0.908,0.98823,-0.15299,0,0.15299,0.98823,0,0,0,1,-0.00056368,0.0036411,0
0.911,0.98849,-0.15126,0,0.15126,0.98849,0,0,0,1,-0.00027759,0.0018141,0
0.91,0.98849,-0.15126,0,0.15126,0.98849,0,0,0,1,-0.00017368,0.001135,0
0.911,0.98876,-0.14954,0,0.14954,0.98876,0,0,0,1,-0.00010441,0.00069041,0
0.909,0.98876,-0.14954,0,0.14954,0.98876,0,0,0,1,-6.5328e-05,0.00043196,0
0.911,0.98876,-0.14954,0,0.14954,0.98876,0,0,0,1,-4.0874e-05,0.00027026,0
0.91,0.98902,-0.14781,0,0.14781,0.98902,0,0,0,1,-2.2301e-05,0.00014922,0
0.919,0.98902,-0.14781,0,0.14781,0.98902,0,0,0,1,-1.3953e-05,9.3362e-05,0
0.902,0.98927,-0.14608,0,0.14608,0.98927,0,0,0,1,-5.6857e-06,3.8504e-05,0
0.12,0.98927,-0.14608,0,0.14608,0.98927,0,0,0,1,-3.5574e-06,2.409e-05,0
0.036,0.98927,-0.14608,0,0.14608,0.98927,0,0,0,1,-0.00017826,0.0012072,0
0.032,0.98902,-0.14781,0,0.14781,0.98902,0,0,0,1,-0.00038949,0.0026062,0
0.031,0.98849,-0.15126,0,0.15126,0.98849,0,0,0,1,-0.00053931,0.0035244,0
0.031,0.98796,-0.15471,0,0.15471,0.98796,0,0,0,1,-0.0006494,0.004147,0
0.036,0.98769,-0.15643,0,0.15643,0.98769,0,0,0,1,-0.00068798,0.0043438,0
0.032,0.98741,-0.15816,0,0.15816,0.98741,0,0,0,1,-0.0007233,0.0045157,0
0.031,0.98714,-0.15988,0,0.15988,0.98714,0,0,0,1,-0.00075271,0.0046474,0
0.032,0.98657,-0.16333,0,0.16333,0.98657,0,0,0,1,-0.00076557,0.0046245,0
0.035,0.98629,-0.16505,0,0.16505,0.98629,0,0,0,1,-0.00078057,0.0046645,0
0.032,0.9857,-0.16849,0,0.16849,0.9857,0,0,0,1,-0.00080888,0.0047322,0
0.031,0.98511,-0.17193,0,0.17193,0.98511,0,0,0,1,-0.00083737,0.0047979,0
0.032,0.9845,-0.17537,0,0.17537,0.9845,0,0,0,1,-0.00084642,0.0047518,0
0.035,0.98389,-0.1788,0,0.1788,0.98389,0,0,0,1,-0.00086479,0.0047587,0
0.032,0.98325,-0.18224,0,0.18224,0.98325,0,0,0,1,-0.00088254,0.0047618,0
0.031,0.98294,-0.18395,0,0.18395,0.98294,0,0,0,1,-0.00089707,0.0047934,0
0.032,0.98229,-0.18738,0,0.18738,0.98229,0,0,0,1,-0.00090279,0.0047326,0
0.035,0.98196,-0.1891,0,0.1891,0.98196,0,0,0,1,-0.00091211,0.0047365,0
0.032,0.98129,-0.19252,0,0.19252,0.98129,0,0,0,1,-0.00093079,0.0047443,0
0.031,0.98061,-0.19595,0,0.19595,0.98061,0,0,0,1,-0.00095606,0.0047846,0
0.032,0.97992,-0.19937,0,0.19937,0.97992,0,0,0,1,-0.00096086,0.0047228,0
0.035,0.97922,-0.20279,0,0.20279,0.97922,0,0,0,1,-0.00097737,0.0047196,0
0.032,0.97851,-0.2062,0,0.2062,0.97851,0,0,0,1,-0.0010042,0.0047651,0
0.031,0.97742,-0.21132,0,0.21132,0.97742,0,0,0,1,-0.0010453,0.0048346,0
0.032,0.97667,-0.21474,0,0.21474,0.97667,0,0,0,1,-0.0010413,0.0047359,0
0.035,0.97553,-0.21985,0,0.21985,0.97553,0,0,0,1,-0.0010626,0.004715,0
0.032,0.97437,-0.22495,0,0.22495,0.97437,0,0,0,1,-0.0010907,0.0047242,0
0.063,0.97358,-0.22835,0,0.22835,0.97358,0,0,0,1,-0.001119,0.0047708,0
0.035,0.97278,-0.23175,0,0.23175,0.97278,0,0,0,1,-0.0011287,0.0047376,0
0.032,0.97237,-0.23345,0,0.23345,0.97237,0,0,0,1,-0.0011278,0.0046978,0
0.91,0.97072,-0.24023,0,0.24023,0.97072,0,0,0,1,-0.0011873,0.0047976,0
0.902,0.97113,-0.23853,0,0.23853,0.97113,0,0,0,1,-0.00087507,0.0035627,0
0.92,0.97155,-0.23684,0,0.23684,0.97155,0,0,0,1,-0.00044116,0.0018097,0
0.911,0.97155,-0.23684,0,0.23684,0.97155,0,0,0,1,-0.00027602,0.0011323,0
0.901,0.97196,-0.23514,0,0.23514,0.97196,0,0,0,1,-0.00016378,0.000677,0
0.918,0.97237,-0.23345,0,0.23345,0.97237,0,0,0,1,-9.7033e-05,0.00040417,0
0.911,0.97237,-0.23345,0,0.23345,0.97237,0,0,0,1,-6.3628e-05,0.00026503,0
0.916,0.97278,-0.23175,0,0.23175,0.97278,0,0,0,1,-3.1956e-05,0.00013414,0
0.909,0.97318,-0.23005,0,0.23005,0.97318,0,0,0,1,-1.5214e-05,6.436e-05,0
0.905,0.97318,-0.23005,0,0.23005,0.97318,0,0,0,1,-1.2394e-05,5.2431e-05,0
0.172,0.97318,-0.23005,0,0.23005,0.97318,0,0,0,1,-4.8794e-06,2.0641e-05,0
0.035,0.97318,-0.23005,0,0.23005,0.97318,0,0,0,1,-0.00028027,0.0011856,0
0.032,0.97278,-0.23175,0,0.23175,0.97278,0,0,0,1,-0.00063067,0.0026473,0
0.031,0.97196,-0.23514,0,0.23514,0.97196,0,0,0,1,-0.00087165,0.003603,0
0.032,0.97155,-0.23684,0,0.23684,0.97155,0,0,0,1,-0.00096001,0.0039381,0
0.035,0.97072,-0.24023,0,0.24023,0.97072,0,0,0,1,-0.0010517,0.0042497,0
0.032,0.9703,-0.24192,0,0.24192,0.9703,0,0,0,1,-0.0011064,0.0044374,0
0.032,0.96987,-0.24362,0,0.24362,0.96987,0,0,0,1,-0.0011408,0.0045419,0
0.031,0.96945,-0.24531,0,0.24531,0.96945,0,0,0,1,-0.0011564,0.0045701,0
0.036,0.96902,-0.247,0,0.247,0.96902,0,0,0,1,-0.001163,0.0045627,0
0.031,0.96858,-0.24869,0,0.24869,0.96858,0,0,0,1,-0.0011794,0.0045936,0
0.032,0.96815,-0.25038,0,0.25038,0.96815,0,0,0,1,-0.0012084,0.0046727,0
0.031,0.96771,-0.25207,0,0.25207,0.96771,0,0,0,1,-0.0011983,0.0046004,0
0.036,0.96682,-0.25545,0,0.25545,0.96682,0,0,0,1,-0.0012239,0.0046322,0
0.031,0.96682,-0.25545,0,0.25545,0.96682,0,0,0,1,-0.0012259,0.0046399,0
0.032,0.96682,-0.25545,0,0.25545,0.96682,0,0,0,1,-0.0012304,0.0046568,0
0.031,0.96638,-0.25713,0,0.25713,0.96638,0,0,0,1,-0.001224,0.0046002,0
0.036,0.96593,-0.25882,0,0.25882,0.96593,0,0,0,1,-0.0012326,0.0046002,0
0.031,0.96593,-0.25882,0,0.25882,0.96593,0,0,0,1,-0.001231,0.0045941,0
0.032,0.96547,-0.2605,0,0.2605,0.96547,0,0,0,1,-0.001253,0.0046439,0
0.031,0.96502,-0.26219,0,0.26219,0.96502,0,0,0,1,-0.0012503,0.0046017,0
0.036,0.9641,-0.26556,0,0.26556,0.9641,0,0,0,1,-0.0012681,0.0046038,0
0.031,0.96316,-0.26892,0,0.26892,0.96316,0,0,0,1,-0.001292,0.0046275,0
0.032,0.96269,-0.2706,0,0.2706,0.96269,0,0,0,1,-0.0013233,0.0047077,0
0.031,0.96222,-0.27228,0,0.27228,0.96222,0,0,0,1,-0.0013018,0.0046006,0
0.036,0.96126,-0.27564,0,0.27564,0.96126,0,0,0,1,-0.0013288,0.004634,0
0.031,0.95981,-0.28067,0,0.28067,0.95981,0,0,0,1,-0.0013691,0.004682,0
0.032,0.95882,-0.28402,0,0.28402,0.95882,0,0,0,1,-0.0013864,0.0046803,0
0.031,0.95782,-0.28736,0,0.28736,0.95782,0,0,0,1,-0.0013961,0.0046534,0
0.036,0.9563,-0.29237,0,0.29237,0.9563,0,0,0,1,-0.0014294,0.0046755,0
0.031,0.95528,-0.29571,0,0.29571,0.95528,0,0,0,1,-0.0014381,0.0046457,0
0.913,0.95266,-0.30403,0,0.30403,0.95266,0,0,0,1,-0.001511,0.0047347,0
0.918,0.95266,-0.30403,0,0.30403,0.95266,0,0,0,1,-0.0011267,0.0035306,0
0.901,0.95319,-0.30237,0,0.30237,0.95319,0,0,0,1,-0.00056653,0.0017859,0
0.902,0.95319,-0.30237,0,0.30237,0.95319,0,0,0,1,-0.00035446,0.0011174,0
0.91,0.95372,-0.30071,0,0.30071,0.95372,0,0,0,1,-0.0002145,0.00068029,0
0.91,0.95424,-0.29904,0,0.29904,0.95424,0,0,0,1,-0.00012744,0.00040665,0
0.909,0.95424,-0.29904,0,0.29904,0.95424,0,0,0,1,-7.9733e-05,0.00025443,0
0.912,0.95476,-0.29737,0,0.29737,0.95476,0,0,0,1,-4.7335e-05,0.00015198,0
0.909,0.95476,-0.29737,0,0.29737,0.95476,0,0,0,1,-2.5899e-05,8.3154e-05,0
0.91,0.95528,-0.29571,0,0.29571,0.95528,0,0,0,1,-1.0158e-05,3.2815e-05,0
0.112,0.95528,-0.29571,0,0.29571,0.95528,0,0,0,1,-6.3554e-06,2.0531e-05,0
0.035,0.95528,-0.29571,0,0.29571,0.95528,0,0,0,1,-0.00036031,0.001164,0
0.032,0.95476,-0.29737,0,0.29737,0.95476,0,0,0,1,-0.00080187,0.0025745,0
0.031,0.95319,-0.30237,0,0.30237,0.95319,0,0,0,1,-0.001126,0.0035497,0
0.032,0.95159,-0.30736,0,0.30736,0.95159,0,0,0,1,-0.0012884,0.003989,0
0.035,0.94997,-0.31233,0,0.31233,0.94997,0,0,0,1,-0.0013929,0.0042365,0
0.031,0.94832,-0.3173,0,0.3173,0.94832,0,0,0,1,-0.0014603,0.0043643,0
0.029,0.94721,-0.32061,0,0.32061,0.94721,0,0,0,1,-0.0015297,0.0045193,0
0.032,0.94609,-0.32392,0,0.32392,0.94609,0,0,0,1,-0.0015392,0.0044958,0
0.032,0.94495,-0.32722,0,0.32722,0.94495,0,0,0,1,-0.001551,0.004479,0
0.035,0.9438,-0.33051,0,0.33051,0.9438,0,0,0,1,-0.0015889,0.0045372,0
0.032,0.94206,-0.33545,0,0.33545,0.94206,0,0,0,1,-0.0016294,0.0045758,0
0.031,0.94206,-0.33545,0,0.33545,0.94206,0,0,0,1,-0.0016405,0.0046071,0
0.032,0.94147,-0.3371,0,0.3371,0.94147,0,0,0,1,-0.0016076,0.0044898,0
0.035,0.94029,-0.34038,0,0.34038,0.94029,0,0,0,1,-0.001634,0.0045139,0
0.032,0.94029,-0.34038,0,0.34038,0.94029,0,0,0,1,-0.001627,0.0044946,0
0.032,0.93969,-0.34202,0,0.34202,0.93969,0,0,0,1,-0.001663,0.0045691,0
0.031,0.93909,-0.34366,0,0.34366,0.93909,0,0,0,1,-0.0016457,0.0044972,0
0.035,0.93849,-0.3453,0,0.3453,0.93849,0,0,0,1,-0.0016463,0.0044746,0
0.032,0.93849,-0.3453,0,0.3453,0.93849,0,0,0,1,-0.0016478,0.0044786,0
0.063,0.93728,-0.34857,0,0.34857,0.93728,0,0,0,1,-0.0016871,0.0045364,0
0.036,0.93667,-0.35021,0,0.35021,0.93667,0,0,0,1,-0.0016678,0.0044608,0
0.031,0.93606,-0.35184,0,0.35184,0.93606,0,0,0,1,-0.0016805,0.0044709,0
0.032,0.93544,-0.35347,0,0.35347,0.93544,0,0,0,1,-0.0017223,0.0045579,0
0.032,0.93483,-0.35511,0,0.35511,0.93483,0,0,0,1,-0.0017028,0.0044827,0
0.035,0.93483,-0.35511,0,0.35511,0.93483,0,0,0,1,-0.0016918,0.0044537,0
0.032,0.9342,-0.35674,0,0.35674,0.9342,0,0,0,1,-0.0017043,0.0044631,0
0.031,0.93358,-0.35837,0,0.35837,0.93358,0,0,0,1,-0.001733,0.0045145,0
0.032,0.93232,-0.36162,0,0.36162,0.93232,0,0,0,1,-0.0017285,0.0044563,0
0.035,0.93169,-0.36325,0,0.36325,0.93169,0,0,0,1,-0.001739,0.0044602,0
0.914,0.92849,-0.37137,0,0.37137,0.92849,0,0,0,1,-0.0018095,0.0045239,0
1.827,0.92849,-0.37137,0,0.37137,0.92849,0,0,0,1,-0.0014372,0.0035932,0
0.914,0.92913,-0.36975,0,0.36975,0.92913,0,0,0,1,-0.00067524,0.0016968,0
0.925,0.92913,-0.36975,0,0.36975,0.92913,0,0,0,1,-0.00041785,0.00105,0
0.667,0.92978,-0.36812,0,0.36812,0.92978,0,0,0,1,-0.00025287,0.00063869,0
0.035,0.92978,-0.36812,0,0.36812,0.92978,0,0,0,1,-0.00060182,0.00152,0
0.032,0.92849,-0.37137,0,0.37137,0.92849,0,0,0,1,-0.001101,0.0027526,0
0.031,0.92718,-0.37461,0,0.37461,0.92718,0,0,0,1,-0.001441,0.0035665,0
0.036,0.92521,-0.37946,0,0.37946,0.92521,0,0,0,1,-0.0016245,0.0039609,0
0.031,0.92388,-0.38268,0,0.38268,0.92388,0,0,0,1,-0.0017203,0.0041531,0
0.032,0.92254,-0.38591,0,0.38591,0.92254,0,0,0,1,-0.0018106,0.0043284,0
0.031,0.92119,-0.38912,0,0.38912,0.92119,0,0,0,1,-0.0018249,0.0043202,0
0.036,0.91845,-0.39555,0,0.39555,0.91845,0,0,0,1,-0.0018902,0.0043891,0
0.032,0.91706,-0.39875,0,0.39875,0.91706,0,0,0,1,-0.0019067,0.0043851,0
0.031,0.91566,-0.40195,0,0.40195,0.91566,0,0,0,1,-0.0019679,0.0044831,0
0.032,0.91425,-0.40514,0,0.40514,0.91425,0,0,0,1,-0.0019569,0.0044159,0
0.035,0.91283,-0.40833,0,0.40833,0.91283,0,0,0,1,-0.001986,0.0044398,0
0.032,0.91068,-0.4131,0,0.4131,0.91068,0,0,0,1,-0.002016,0.0044442,0
0.031,0.90996,-0.41469,0,0.41469,0.90996,0,0,0,1,-0.0020371,0.0044701,0
0.032,0.90778,-0.41945,0,0.41945,0.90778,0,0,0,1,-0.0020282,0.0043895,0
0.035,0.90631,-0.42262,0,0.42262,0.90631,0,0,0,1,-0.0020464,0.0043885,0
0.032,0.90483,-0.42578,0,0.42578,0.90483,0,0,0,1,-0.0020635,0.0043851,0
0.031,0.90408,-0.42736,0,0.42736,0.90408,0,0,0,1,-0.0020903,0.0044222,0
0.032,0.90259,-0.43051,0,0.43051,0.90259,0,0,0,1,-0.002062,0.004323,0
0.035,0.90183,-0.43209,0,0.43209,0.90183,0,0,0,1,-0.0020765,0.0043341,0
0.032,0.90032,-0.43523,0,0.43523,0.90032,0,0,0,1,-0.0021048,0.0043541,0
0.032,0.89879,-0.43837,0,0.43837,0.89879,0,0,0,1,-0.0021502,0.0044086,0
0.031,0.89803,-0.43994,0,0.43994,0.89803,0,0,0,1,-0.0021021,0.0042909,0
0.035,0.89726,-0.44151,0,0.44151,0.89726,0,0,0,1,-0.0021021,0.004272,0
0.032,0.89649,-0.44307,0,0.44307,0.89649,0,0,0,1,-0.002127,0.0043036,0
0.032,0.89571,-0.44464,0,0.44464,0.89571,0,0,0,1,-0.002151,0.0043331,0
0.031,0.89493,-0.4462,0,0.4462,0.89493,0,0,0,1,-0.002141,0.0042942,0
0.036,0.89415,-0.44776,0,0.44776,0.89415,0,0,0,1,-0.0021431,0.0042797,0
0.031,0.89415,-0.44776,0,0.44776,0.89415,0,0,0,1,-0.0021531,0.0042997,0
0.032,0.89337,-0.44932,0,0.44932,0.89337,0,0,0,1,-0.0021703,0.0043152,0
0.911,0.89337,-0.44932,0,0.44932,0.89337,0,0,0,1,-0.0021168,0.0042088,0
0.918,0.89415,-0.44776,0,0.44776,0.89415,0,0,0,1,-0.0016226,0.0032403,0
0.907,0.89415,-0.44776,0,0.44776,0.89415,0,0,0,1,-0.00082495,0.0016474,0
0.913,0.89493,-0.4462,0,0.4462,0.89493,0,0,0,1,-0.00050536,0.0010136,0
0.903,0.89571,-0.44464,0,0.44464,0.89571,0,0,0,1,-0.00030612,0.00061668,0
0.919,0.89571,-0.44464,0,0.44464,0.89571,0,0,0,1,-0.00019153,0.00038584,0
0.9,0.89649,-0.44307,0,0.44307,0.89649,0,0,0,1,-0.00011049,0.00022356,0
0.909,0.89726,-0.44151,0,0.44151,0.89726,0,0,0,1,-5.9993e-05,0.00012192,0
0.911,0.89726,-0.44151,0,0.44151,0.89726,0,0,0,1,-3.7535e-05,7.6282e-05,0
0.911,0.89803,-0.43994,0,0.43994,0.89803,0,0,0,1,-1.4541e-05,2.9681e-05,0
0.099,0.89803,-0.43994,0,0.43994,0.89803,0,0,0,1,-9.0975e-06,1.857e-05,0
0.032,0.89803,-0.43994,0,0.43994,0.89803,0,0,0,1,-0.00053583,0.0010938,0
0.035,0.89649,-0.44307,0,0.44307,0.89649,0,0,0,1,-0.0011703,0.0023679,0
0.031,0.89571,-0.44464,0,0.44464,0.89571,0,0,0,1,-0.0016114,0.0032462,0
0.032,0.89493,-0.4462,0,0.4462,0.89493,0,0,0,1,-0.0018859,0.0037826,0
0.032,0.89415,-0.44776,0,0.44776,0.89415,0,0,0,1,-0.001955,0.003904,0
0.035,0.89259,-0.45088,0,0.45088,0.89259,0,0,0,1,-0.0020508,0.0040599,0
0.032,0.89259,-0.45088,0,0.45088,0.89259,0,0,0,1,-0.0020841,0.0041258,0
0.031,0.8918,-0.45243,0,0.45243,0.8918,0,0,0,1,-0.0021496,0.0042371,0
0.032,0.89021,-0.45554,0,0.45554,0.89021,0,0,0,1,-0.002159,0.0042191,0
0.035,0.88942,-0.4571,0,0.4571,0.88942,0,0,0,1,-0.0021767,0.0042353,0
0.032,0.88782,-0.4602,0,0.4602,0.88782,0,0,0,1,-0.0022187,0.0042803,0
0.031,0.88701,-0.46175,0,0.46175,0.88701,0,0,0,1,-0.0022397,0.0043025,0
0.031,0.8862,-0.4633,0,0.4633,0.8862,0,0,0,1,-0.0022094,0.0042263,0
0.032,0.88458,-0.46639,0,0.46639,0.88458,0,0,0,1,-0.0022389,0.0042465,0
0.035,0.88295,-0.46947,0,0.46947,0.88295,0,0,0,1,-0.0022747,0.0042782,0
0.063,0.88048,-0.47409,0,0.47409,0.88048,0,0,0,1,-0.0023081,0.0042866,0
0.031,0.87965,-0.47562,0,0.47562,0.87965,0,0,0,1,-0.0023033,0.0042599,0
0.036,0.87798,-0.47869,0,0.47869,0.87798,0,0,0,1,-0.0023081,0.0042334,0
0.031,0.87546,-0.48328,0,0.48328,0.87546,0,0,0,1,-0.0023457,0.0042492,0
0.031,0.87377,-0.48634,0,0.48634,0.87377,0,0,0,1,-0.0023908,0.0042955,0
0.032,0.87207,-0.48938,0,0.48938,0.87207,0,0,0,1,-0.0023638,0.0042122,0
0.035,0.87036,-0.49242,0,0.49242,0.87036,0,0,0,1,-0.0023827,0.0042115,0
0.032,0.86777,-0.49697,0,0.49697,0.86777,0,0,0,1,-0.0024113,0.0042103,0
0.031,0.8669,-0.49849,0,0.49849,0.8669,0,0,0,1,-0.0024525,0.0042649,0
0.031,0.86427,-0.50302,0,0.50302,0.86427,0,0,0,1,-0.0024347,0.0041832,0
0.032,0.8634,-0.50453,0,0.50453,0.8634,0,0,0,1,-0.0024343,0.0041658,0
0.035,0.86163,-0.50754,0,0.50754,0.86163,0,0,0,1,-0.0024479,0.0041557,0
0.032,0.85896,-0.51204,0,0.51204,0.85896,0,0,0,1,-0.0024857,0.0041699,0
0.031,0.85806,-0.51354,0,0.51354,0.85806,0,0,0,1,-0.0025081,0.0041907,0
0.902,0.85536,-0.51803,0,0.51803,0.85536,0,0,0,1,-0.0024957,0.0041208,0
0.9,0.85536,-0.51803,0,0.51803,0.85536,0,0,0,1,-0.0019417,0.0032061,0
0.908,0.85627,-0.51653,0,0.51653,0.85627,0,0,0,1,-0.00096206,0.0015948,0
0.919,0.85627,-0.51653,0,0.51653,0.85627,0,0,0,1,-0.00060193,0.00099783,0
0.914,0.85717,-0.51504,0,0.51504,0.85717,0,0,0,1,-0.00036514,0.0006077,0
0.92,0.85717,-0.51504,0,0.51504,0.85717,0,0,0,1,-0.00022846,0.00038022,0
0.918,0.85806,-0.51354,0,0.51354,0.85806,0,0,0,1,-0.00013218,0.00022086,0
0.911,0.85806,-0.51354,0,0.51354,0.85806,0,0,0,1,-8.27e-05,0.00013818,0
0.918,0.85896,-0.51204,0,0.51204,0.85896,0,0,0,1,-4.1279e-05,6.9246e-05,0
0.874,0.85896,-0.51204,0,0.51204,0.85896,0,0,0,1,-2.5827e-05,4.3325e-05,0
0.035,0.85985,-0.51054,0,0.51054,0.85985,0,0,0,1,-0.00062105,0.001046,0
0.031,0.85806,-0.51354,0,0.51354,0.85806,0,0,0,1,-0.001388,0.0023192,0
0.031,0.85717,-0.51504,0,0.51504,0.85717,0,0,0,1,-0.0019057,0.0031717,0
0.032,0.85536,-0.51803,0,0.51803,0.85536,0,0,0,1,-0.0021404,0.0035342,0
0.031,0.85446,-0.51952,0,0.51952,0.85446,0,0,0,1,-0.0022699,0.0037334,0
0.036,0.85264,-0.5225,0,0.5225,0.85264,0,0,0,1,-0.0023776,0.0038799,0
0.031,0.85081,-0.52547,0,0.52547,0.85081,0,0,0,1,-0.0024573,0.0039787,0
0.031,0.84989,-0.52696,0,0.52696,0.84989,0,0,0,1,-0.0025083,0.0040455,0
0.032,0.84989,-0.52696,0,0.52696,0.84989,0,0,0,1,-0.0024791,0.0039985,0
0.035,0.84805,-0.52992,0,0.52992,0.84805,0,0,0,1,-0.0025226,0.004037,0
0.031,0.84619,-0.53288,0,0.53288,0.84619,0,0,0,1,-0.0025619,0.0040682,0
0.032,0.84526,-0.53435,0,0.53435,0.84526,0,0,0,1,-0.0025941,0.0041034,0
0.031,0.84339,-0.5373,0,0.5373,0.84339,0,0,0,1,-0.0025611,0.0040202,0
0.035,0.84245,-0.53877,0,0.53877,0.84245,0,0,0,1,-0.0025882,0.0040471,0
0.032,0.84057,-0.54171,0,0.54171,0.84057,0,0,0,1,-0.0026056,0.0040431,0
0.031,0.83962,-0.54317,0,0.54317,0.83962,0,0,0,1,-0.0026513,0.0040982,0
0.031,0.83867,-0.54464,0,0.54464,0.83867,0,0,0,1,-0.0026418,0.004068,0
0.032,0.83867,-0.54464,0,0.54464,0.83867,0,0,0,1,-0.0025932,0.0039932,0
0.035,0.83772,-0.5461,0,0.5461,0.83772,0,0,0,1,-0.0026012,0.0039902,0
0.032,0.83676,-0.54756,0,0.54756,0.83676,0,0,0,1,-0.0026156,0.003997,0
0.062,0.83389,-0.55194,0,0.55194,0.83389,0,0,0,1,-0.002691,0.0040657,0
0.036,0.83292,-0.55339,0,0.55339,0.83292,0,0,0,1,-0.0026616,0.004006,0
0.031,0.83098,-0.5563,0,0.5563,0.83098,0,0,0,1,-0.0026847,0.0040103,0
0.031,0.82806,-0.56064,0,0.56064,0.82806,0,0,0,1,-0.0027507,0.0040628,0
0.032,0.82708,-0.56208,0,0.56208,0.82708,0,0,0,1,-0.0027002,0.0039732,0
0.031,0.8261,-0.56353,0,0.56353,0.8261,0,0,0,1,-0.0027203,0.0039878,0
0.035,0.82413,-0.56641,0,0.56641,0.82413,0,0,0,1,-0.0027468,0.0039966,0
0.032,0.82115,-0.57071,0,0.57071,0.82115,0,0,0,1,-0.0027729,0.0039896,0
0.031,0.81915,-0.57358,0,0.57358,0.81915,0,0,0,1,-0.0028143,0.0040193,0
0.9,0.81513,-0.57928,0,0.57928,0.81513,0,0,0,1,-0.0028107,0.003955,0
0.901,0.81513,-0.57928,0,0.57928,0.81513,0,0,0,1,-0.0022199,0.0031237,0
0.901,0.81614,-0.57786,0,0.57786,0.81614,0,0,0,1,-0.0010561,0.0014916,0
0.918,0.81614,-0.57786,0,0.57786,0.81614,0,0,0,1,-0.00066798,0.00094342,0
0.91,0.81714,-0.57643,0,0.57643,0.81714,0,0,0,1,-0.00039809,0.00056432,0
0.902,0.81714,-0.57643,0,0.57643,0.81714,0,0,0,1,-0.00024907,0.00035308,0
0.909,0.81815,-0.57501,0,0.57501,0.81815,0,0,0,1,-0.00014387,0.0002047,0
0.902,0.81815,-0.57501,0,0.57501,0.81815,0,0,0,1,-9.7199e-05,0.0001383,0
0.919,0.81915,-0.57358,0,0.57358,0.81915,0,0,0,1,-4.1942e-05,5.99e-05,0
0.919,0.81915,-0.57358,0,0.57358,0.81915,0,0,0,1,-2.6242e-05,3.7477e-05,0
0.112,0.81915,-0.57358,0,0.57358,0.81915,0,0,0,1,-1.6419e-05,2.3448e-05,0
0.036,0.81915,-0.57358,0,0.57358,0.81915,0,0,0,1,-0.00070145,0.0010018,0
0.032,0.81714,-0.57643,0,0.57643,0.81714,0,0,0,1,-0.0015676,0.0022222,0
0.031,0.81513,-0.57928,0,0.57928,0.81513,0,0,0,1,-0.0021539,0.0030308,0
0.031,0.81208,-0.58354,0,0.58354,0.81208,0,0,0,1,-0.0024149,0.0033606,0
0.032,0.81004,-0.58637,0,0.58637,0.81004,0,0,0,1,-0.0025982,0.0035893,0
0.035,0.80799,-0.5892,0,0.5892,0.80799,0,0,0,1,-0.0026965,0.0036978,0
0.032,0.80489,-0.59342,0,0.59342,0.80489,0,0,0,1,-0.0027893,0.0037833,0
0.031,0.80282,-0.59622,0,0.59622,0.80282,0,0,0,1,-0.0028441,0.0038295,0
0.031,0.80178,-0.59763,0,0.59763,0.80178,0,0,0,1,-0.0028499,0.0038234,0
0.036,0.79864,-0.60182,0,0.60182,0.79864,0,0,0,1,-0.0029086,0.0038598,0
0.031,0.79758,-0.60321,0,0.60321,0.79758,0,0,0,1,-0.0029077,0.0038447,0
0.032,0.79547,-0.60599,0,0.60599,0.79547,0,0,0,1,-0.0029589,0.0038841,0
0.031,0.79441,-0.60738,0,0.60738,0.79441,0,0,0,1,-0.0029088,0.0038046,0
0.035,0.79335,-0.60876,0,0.60876,0.79335,0,0,0,1,-0.0029026,0.0037827,0
0.032,0.79122,-0.61153,0,0.61153,0.79122,0,0,0,1,-0.0029353,0.0037979,0
0.031,0.79016,-0.61291,0,0.61291,0.79016,0,0,0,1,-0.0029878,0.0038519,0
0.032,0.78801,-0.61566,0,0.61566,0.78801,0,0,0,1,-0.0029655,0.0037957,0
0.035,0.78586,-0.61841,0,0.61841,0.78586,0,0,0,1,-0.0029949,0.0038059,0
0.032,0.78478,-0.61978,0,0.61978,0.78478,0,0,0,1,-0.0029992,0.0037977,0
0.031,0.78261,-0.62251,0,0.62251,0.78261,0,0,0,1,-0.0030469,0.0038305,0
0.031,0.78152,-0.62388,0,0.62388,0.78152,0,0,0,1,-0.0030158,0.0037778,0
0.032,0.78043,-0.62524,0,0.62524,0.78043,0,0,0,1,-0.0029753,0.0037138,0
0.035,0.77934,-0.6266,0,0.6266,0.77934,0,0,0,1,-0.0029835,0.0037108,0
0.031,0.77934,-0.6266,0,0.6266,0.77934,0,0,0,1,-0.002972,0.0036964,0
0.031,0.77715,-0.62932,0,0.62932,0.77715,0,0,0,1,-0.0030738,0.0037958,0
0.032,0.77605,-0.63068,0,0.63068,0.77605,0,0,0,1,-0.003021,0.0037173,0
0.035,0.77605,-0.63068,0,0.63068,0.77605,0,0,0,1,-0.0030184,0.0037142,0
0.032,0.77384,-0.63338,0,0.63338,0.77384,0,0,0,1,-0.0030552,0.0037328,0
0.031,0.77273,-0.63473,0,0.63473,0.77273,0,0,0,1,-0.0030957,0.0037687,0
0.031,0.77273,-0.63473,0,0.63473,0.77273,0,0,0,1,-0.0030169,0.0036728,0
0.919,0.77273,-0.63473,0,0.63473,0.77273,0,0,0,1,-0.0030231,0.0036804,0
0.911,0.77273,-0.63473,0,0.63473,0.77273,0,0,0,1,-0.0024049,0.0029278,0
0.919,0.77384,-0.63338,0,0.63338,0.77384,0,0,0,1,-0.0011166,0.0013643,0
0.912,0.77384,-0.63338,0,0.63338,0.77384,0,0,0,1,-0.00069865,0.00085358,0
0.911,0.77494,-0.63203,0,0.63203,0.77494,0,0,0,1,-0.00042346,0.00051921,0
0.911,0.77605,-0.63068,0,0.63068,0.77605,0,0,0,1,-0.00025167,0.00030968,0
0.917,0.77605,-0.63068,0,0.63068,0.77605,0,0,0,1,-0.00015746,0.00019376,0
0.913,0.77715,-0.62932,0,0.62932,0.77715,0,0,0,1,-8.5632e-05,0.00010575,0
0.907,0.77715,-0.62932,0,0.62932,0.77715,0,0,0,1,-5.3577e-05,6.6162e-05,0
0.901,0.77824,-0.62796,0,0.62796,0.77824,0,0,0,1,-2.0801e-05,2.578e-05,0
0.113,0.77824,-0.62796,0,0.62796,0.77824,0,0,0,1,-1.3015e-05,1.6129e-05,0
0.035,0.77824,-0.62796,0,0.62796,0.77824,0,0,0,1,-0.00076486,0.0009479,0
0.031,0.77494,-0.63203,0,0.63203,0.77494,0,0,0,1,-0.0016663,0.0020431,0
0.032,0.77384,-0.63338,0,0.63338,0.77384,0,0,0,1,-0.0022698,0.0027732,0
0.031,0.77162,-0.63608,0,0.63608,0.77162,0,0,0,1,-0.0027011,0.0032767,0
0.036,0.76828,-0.64011,0,0.64011,0.76828,0,0,0,1,-0.0028765,0.0034525,0
0.031,0.76604,-0.64279,0,0.64279,0.76604,0,0,0,1,-0.002967,0.003536,0
0.031,0.76492,-0.64412,0,0.64412,0.76492,0,0,0,1,-0.0030577,0.0036312,0
0.063,0.76154,-0.64812,0,0.64812,0.76154,0,0,0,1,-0.003075,0.0036132,0
0.036,0.76041,-0.64945,0,0.64945,0.76041,0,0,0,1,-0.0030866,0.0036139,0
0.031,0.75813,-0.6521,0,0.6521,0.75813,0,0,0,1,-0.0031238,0.0036317,0
0.031,0.75585,-0.65474,0,0.65474,0.75585,0,0,0,1,-0.003201,0.0036953,0
0.032,0.75356,-0.65738,0,0.65738,0.75356,0,0,0,1,-0.0031722,0.0036364,0
0.035,0.75241,-0.65869,0,0.65869,0.75241,0,0,0,1,-0.0031557,0.0036047,0
0.031,0.75011,-0.66131,0,0.66131,0.75011,0,0,0,1,-0.0031755,0.0036019,0
0.032,0.74896,-0.66262,0,0.66262,0.74896,0,0,0,1,-0.0032474,0.0036706,0
0.031,0.7478,-0.66393,0,0.66393,0.7478,0,0,0,1,-0.0031789,0.0035804,0
0.036,0.74548,-0.66653,0,0.66653,0.74548,0,0,0,1,-0.0031993,0.0035783,0
0.031,0.74431,-0.66783,0,0.66783,0.74431,0,0,0,1,-0.0032055,0.0035726,0
0.032,0.74198,-0.67043,0,0.67043,0.74198,0,0,0,1,-0.0032565,0.003604,0
0.031,0.7408,-0.67172,0,0.67172,0.7408,0,0,0,1,-0.0032147,0.0035453,0
0.031,0.73963,-0.67301,0,0.67301,0.73963,0,0,0,1,-0.0032243,0.0035435,0
0.036,0.73728,-0.67559,0,0.67559,0.73728,0,0,0,1,-0.0032525,0.0035495,0
0.031,0.73728,-0.67559,0,0.67559,0.73728,0,0,0,1,-0.0032436,0.0035398,0
0.032,0.7361,-0.67688,0,0.67688,0.7361,0,0,0,1,-0.0032832,0.0035705,0
0.031,0.73373,-0.67944,0,0.67944,0.73373,0,0,0,1,-0.0032794,0.0035414,0
0.035,0.73254,-0.68072,0,0.68072,0.73254,0,0,0,1,-0.0032361,0.0034825,0
0.032,0.73016,-0.68327,0,0.68327,0.73016,0,0,0,1,-0.0032908,0.0035166,0
0.031,0.72897,-0.68455,0,0.68455,0.72897,0,0,0,1,-0.0033269,0.0035428,0
0.031,0.72777,-0.68582,0,0.68582,0.72777,0,0,0,1,-0.0032833,0.0034841,0
0.908,0.72657,-0.68709,0,0.68709,0.72657,0,0,0,1,-0.0032925,0.0034817,0
0.913,0.72777,-0.68582,0,0.68582,0.72777,0,0,0,1,-0.0025629,0.0027196,0
0.908,0.72777,-0.68582,0,0.68582,0.72777,0,0,0,1,-0.0012521,0.0013287,0
0.901,0.72897,-0.68455,0,0.68455,0.72897,0,0,0,1,-0.00076813,0.00081798,0
0.919,0.72897,-0.68455,0,0.68455,0.72897,0,0,0,1,-0.00048059,0.00051178,0
0.902,0.73016,-0.68327,0,0.68327,0.73016,0,0,0,1,-0.00028637,0.00030602,0
0.902,0.73016,-0.68327,0,0.68327,0.73016,0,0,0,1,-0.00017917,0.00019147,0
0.9,0.73135,-0.682,0,0.682,0.73135,0,0,0,1,-9.8157e-05,0.00010526,0
0.919,0.73135,-0.682,0,0.682,0.73135,0,0,0,1,-6.1413e-05,6.5858e-05,0
0.918,0.73254,-0.68072,0,0.68072,0.73254,0,0,0,1,-2.4642e-05,2.6518e-05,0
0.112,0.73254,-0.68072,0,0.68072,0.73254,0,0,0,1,-1.5418e-05,1.6591e-05,0
0.067,0.73016,-0.68327,0,0.68327,0.73016,0,0,0,1,-0.00086057,0.00091963,0
0.031,0.72897,-0.68455,0,0.68455,0.72897,0,0,0,1,-0.0019661,0.0020937,0
0.031,0.72777,-0.68582,0,0.68582,0.72777,0,0,0,1,-0.0025246,0.002679,0
0.032,0.72657,-0.68709,0,0.68709,0.72657,0,0,0,1,-0.0027654,0.0029243,0
0.031,0.72537,-0.68835,0,0.68835,0.72537,0,0,0,1,-0.0030045,0.0031661,0
0.036,0.72297,-0.69088,0,0.69088,0.72297,0,0,0,1,-0.0031246,0.0032698,0
0.031,0.72176,-0.69214,0,0.69214,0.72176,0,0,0,1,-0.0032194,0.0033571,0
0.031,0.71934,-0.69466,0,0.69466,0.71934,0,0,0,1,-0.003327,0.0034452,0
0.031,0.71813,-0.69591,0,0.69591,0.71813,0,0,0,1,-0.0032922,0.0033973,0
0.036,0.71569,-0.69842,0,0.69842,0.71569,0,0,0,1,-0.0033274,0.0034097,0
0.031,0.71447,-0.69966,0,0.69966,0.71447,0,0,0,1,-0.0033251,0.0033955,0
0.031,0.71325,-0.70091,0,0.70091,0.71325,0,0,0,1,-0.0034135,0.0034736,0
0.032,0.71203,-0.70215,0,0.70215,0.71203,0,0,0,1,-0.0033571,0.0034043,0
0.031,0.7108,-0.70339,0,0.70339,0.7108,0,0,0,1,-0.0033591,0.0033945,0
0.036,0.70834,-0.70587,0,0.70587,0.70834,0,0,0,1,-0.0033827,0.0033945,0
0.031,0.70711,-0.70711,0,0.70711,0.70711,0,0,0,1,-0.0033994,0.0033994,0
0.031,0.70463,-0.70957,0,0.70957,0.70463,0,0,0,1,-0.0034766,0.0034524,0
0.032,0.70339,-0.7108,0,0.7108,0.70339,0,0,0,1,-0.0034205,0.0033849,0
0.035,0.70091,-0.71325,0,0.71325,0.70091,0,0,0,1,-0.0034255,0.0033662,0
0.031,0.69842,-0.71569,0,0.71569,0.69842,0,0,0,1,-0.0034508,0.0033675,0
0.032,0.69717,-0.71691,0,0.71691,0.69717,0,0,0,1,-0.0035045,0.003408,0
0.031,0.69466,-0.71934,0,0.71934,0.69466,0,0,0,1,-0.003453,0.0033345,0
0.035,0.6934,-0.72055,0,0.72055,0.6934,0,0,0,1,-0.0034496,0.0033197,0
0.032,0.69088,-0.72297,0,0.72297,0.69088,0,0,0,1,-0.0034971,0.0033419,0
0.031,0.68962,-0.72417,0,0.72417,0.68962,0,0,0,1,-0.0035199,0.0033519,0
0.031,0.68835,-0.72537,0,0.72537,0.68835,0,0,0,1,-0.0035001,0.0033215,0
0.032,0.68709,-0.72657,0,0.72657,0.68709,0,0,0,1,-0.0034444,0.0032572,0
0.035,0.68582,-0.72777,0,0.72777,0.68582,0,0,0,1,-0.0034843,0.0032835,0
0.031,0.68455,-0.72897,0,0.72897,0.68455,0,0,0,1,-0.0035024,0.003289,0
0.901,0.682,-0.73135,0,0.73135,0.682,0,0,0,1,-0.0035638,0.0033233,0
0.912,0.682,-0.73135,0,0.73135,0.682,0,0,0,1,-0.0027574,0.0025713,0
0.92,0.68327,-0.73016,0,0.73016,0.68327,0,0,0,1,-0.0013153,0.0012308,0
